.DATA data
2.700000e-09	5.100000e-09	1.800000e-08	-4.041631e-01	8.836607e-03	-1.529113e-01	
2.700000e-09	5.100000e-09	1.800000e-08	-3.981793e-01	8.773646e-03	-1.496514e-01	
2.700000e-09	5.100000e-09	1.800000e-08	-3.963729e-01	8.783246e-03	-1.501864e-01	
2.370000e-09	5.800000e-09	1.700000e-08	3.711801e-01	2.604429e-02	-1.472742e-01	
2.370000e-09	5.800000e-09	1.700000e-08	3.265737e-01	2.606320e-02	-1.318477e-01	
2.370000e-09	5.800000e-09	1.700000e-08	3.339233e-01	2.604880e-02	-1.134741e-01	
2.700000e-09	5.100000e-09	1.800000e-08	-3.879182e-01	8.879939e-03	-1.477193e-01	
2.700000e-09	5.100000e-09	1.800000e-08	-3.864991e-01	8.849521e-03	-1.483510e-01	
2.700000e-09	5.100000e-09	1.800000e-08	-4.017921e-01	8.840713e-03	-1.503554e-01	
2.370000e-09	5.800000e-09	1.700000e-08	3.511789e-01	2.604140e-02	-1.453957e-01	
2.370000e-09	5.800000e-09	1.700000e-08	3.212154e-01	2.604470e-02	-1.522063e-01	
2.370000e-09	5.800000e-09	1.700000e-08	3.284363e-01	2.604506e-02	-1.528942e-01	
2.700000e-09	5.100000e-09	1.800000e-08	-4.049921e-01	8.743706e-03	-1.491644e-01	
2.700000e-09	5.100000e-09	1.800000e-08	-4.046695e-01	8.821280e-03	-1.487525e-01	
2.700000e-09	5.100000e-09	1.800000e-08	-3.849606e-01	8.794673e-03	-1.554571e-01	
2.370000e-09	5.800000e-09	1.700000e-08	3.382230e-01	2.605680e-02	-1.636442e-01	
2.370000e-09	5.800000e-09	1.700000e-08	3.197498e-01	2.605356e-02	-1.520765e-01	
2.370000e-09	5.800000e-09	1.700000e-08	3.225889e-01	2.604576e-02	-2.082776e-01	
2.700000e-09	5.100000e-09	1.800000e-08	-4.090496e-01	8.798726e-03	-1.504152e-01	
2.700000e-09	5.100000e-09	1.800000e-08	-4.001047e-01	8.814204e-03	-1.505627e-01	
2.700000e-09	5.100000e-09	1.800000e-08	-3.861120e-01	8.787673e-03	-1.498753e-01	
2.370000e-09	5.800000e-09	1.700000e-08	3.357787e-01	2.605417e-02	-1.599459e-01	
2.370000e-09	5.800000e-09	1.700000e-08	3.426309e-01	2.604586e-02	-1.682627e-01	
2.370000e-09	5.800000e-09	1.700000e-08	3.362165e-01	2.605348e-02	-1.687618e-01	
2.700000e-09	5.100000e-09	1.800000e-08	-3.791225e-01	8.808863e-03	-1.519537e-01	
2.700000e-09	5.100000e-09	1.800000e-08	-3.726689e-01	8.858288e-03	-1.499283e-01	
2.700000e-09	5.100000e-09	1.800000e-08	-3.924683e-01	8.774945e-03	-1.478054e-01	
2.370000e-09	5.800000e-09	1.700000e-08	3.466485e-01	2.604996e-02	-1.807004e-01	
2.370000e-09	5.800000e-09	1.700000e-08	3.217618e-01	2.605057e-02	-1.806190e-01	
2.370000e-09	5.800000e-09	1.700000e-08	3.110107e-01	2.605688e-02	-1.588783e-01	
2.700000e-09	5.100000e-09	1.800000e-08	-3.771381e-01	8.821487e-03	-1.465585e-01	
2.700000e-09	5.100000e-09	1.800000e-08	-3.766640e-01	8.868269e-03	-1.533467e-01	
2.700000e-09	5.100000e-09	1.800000e-08	-3.967930e-01	8.796337e-03	-1.479349e-01	
2.370000e-09	5.800000e-09	1.700000e-08	3.314805e-01	2.603424e-02	-1.611953e-01	
2.370000e-09	5.800000e-09	1.700000e-08	3.375832e-01	2.604843e-02	-1.698758e-01	
2.370000e-09	5.800000e-09	1.700000e-08	3.268796e-01	2.606006e-02	-1.485330e-01	
2.700000e-09	5.100000e-09	1.800000e-08	-4.004621e-01	8.800281e-03	-1.492553e-01	
2.700000e-09	5.100000e-09	1.800000e-08	-4.096509e-01	8.845119e-03	-1.497337e-01	
2.700000e-09	5.100000e-09	1.800000e-08	-3.937519e-01	8.819965e-03	-1.469993e-01	
2.370000e-09	5.800000e-09	1.700000e-08	3.321552e-01	2.605241e-02	-1.634199e-01	
2.370000e-09	5.800000e-09	1.700000e-08	3.478049e-01	2.604632e-02	-1.606544e-01	
2.370000e-09	5.800000e-09	1.700000e-08	3.137620e-01	2.604569e-02	-1.634476e-01	
2.700000e-09	5.100000e-09	1.800000e-08	-3.771112e-01	8.807214e-03	-1.485551e-01	
2.700000e-09	5.100000e-09	1.800000e-08	-4.051166e-01	8.866733e-03	-1.496067e-01	
2.700000e-09	5.100000e-09	1.800000e-08	-3.744722e-01	8.800193e-03	-1.470741e-01	
2.370000e-09	5.800000e-09	1.700000e-08	3.370698e-01	2.604045e-02	-1.589940e-01	
2.370000e-09	5.800000e-09	1.700000e-08	3.276815e-01	2.605924e-02	-1.854106e-01	
2.370000e-09	5.800000e-09	1.700000e-08	3.235767e-01	2.605012e-02	-1.568280e-01	
2.700000e-09	5.100000e-09	1.800000e-08	-4.123691e-01	8.862213e-03	-1.521443e-01	
2.700000e-09	5.100000e-09	1.800000e-08	-3.891265e-01	8.738612e-03	-1.495579e-01	
2.700000e-09	5.100000e-09	1.800000e-08	-4.039693e-01	8.815892e-03	-1.551464e-01	
2.370000e-09	5.800000e-09	1.700000e-08	3.298466e-01	2.604720e-02	-1.597609e-01	
2.370000e-09	5.800000e-09	1.700000e-08	3.475298e-01	2.604508e-02	-1.493048e-01	
2.370000e-09	5.800000e-09	1.700000e-08	3.072713e-01	2.604963e-02	-1.659085e-01	
2.700000e-09	5.100000e-09	1.800000e-08	-3.879054e-01	8.828310e-03	-1.516057e-01	
2.700000e-09	5.100000e-09	1.800000e-08	-4.026815e-01	8.823283e-03	-1.536107e-01	
2.700000e-09	5.100000e-09	1.800000e-08	-3.980512e-01	8.789672e-03	-1.486291e-01	
2.370000e-09	5.800000e-09	1.700000e-08	3.218459e-01	2.604676e-02	-1.617542e-01	
2.370000e-09	5.800000e-09	1.700000e-08	3.305655e-01	2.604237e-02	-1.580572e-01	
2.370000e-09	5.800000e-09	1.700000e-08	3.207669e-01	2.605047e-02	-1.350862e-01	
2.700000e-09	5.100000e-09	1.800000e-08	-3.876252e-01	8.794966e-03	-1.467797e-01	
2.700000e-09	5.100000e-09	1.800000e-08	-4.121439e-01	8.772840e-03	-1.510269e-01	
2.700000e-09	5.100000e-09	1.800000e-08	-3.817864e-01	8.844184e-03	-1.496899e-01	
2.370000e-09	5.800000e-09	1.700000e-08	3.498349e-01	2.604722e-02	-1.454159e-01	
2.370000e-09	5.800000e-09	1.700000e-08	3.446136e-01	2.604166e-02	-1.433467e-01	
2.370000e-09	5.800000e-09	1.700000e-08	3.357135e-01	2.604763e-02	-1.386447e-01	
2.700000e-09	5.100000e-09	1.800000e-08	-4.005611e-01	8.844815e-03	-1.503705e-01	
2.700000e-09	5.100000e-09	1.800000e-08	-4.226929e-01	8.850654e-03	-1.476160e-01	
2.700000e-09	5.100000e-09	1.800000e-08	-3.957389e-01	8.846114e-03	-1.485920e-01	
2.370000e-09	5.800000e-09	1.700000e-08	3.418606e-01	2.604877e-02	-1.810960e-01	
2.370000e-09	5.800000e-09	1.700000e-08	3.306782e-01	2.604915e-02	-1.404717e-01	
2.370000e-09	5.800000e-09	1.700000e-08	3.168105e-01	2.606280e-02	-1.484147e-01	
2.700000e-09	5.100000e-09	1.800000e-08	-3.842214e-01	8.893591e-03	-1.514545e-01	
2.700000e-09	5.100000e-09	1.800000e-08	-4.237654e-01	8.764068e-03	-1.491897e-01	
2.700000e-09	5.100000e-09	1.800000e-08	-4.221176e-01	8.760649e-03	-1.523027e-01	
2.370000e-09	5.800000e-09	1.700000e-08	3.342699e-01	2.604335e-02	-1.686145e-01	
2.370000e-09	5.800000e-09	1.700000e-08	3.229409e-01	2.605637e-02	-1.606545e-01	
2.370000e-09	5.800000e-09	1.700000e-08	3.151437e-01	2.604707e-02	-1.421762e-01	
2.700000e-09	5.100000e-09	1.800000e-08	-3.902189e-01	8.775418e-03	-1.515404e-01	
2.700000e-09	5.100000e-09	1.800000e-08	-3.862853e-01	8.753442e-03	-1.506144e-01	
2.700000e-09	5.100000e-09	1.800000e-08	-4.080037e-01	8.815258e-03	-1.495679e-01	
2.370000e-09	5.800000e-09	1.700000e-08	3.314783e-01	2.604946e-02	-1.428956e-01	
2.370000e-09	5.800000e-09	1.700000e-08	3.129256e-01	2.604989e-02	-1.546161e-01	
2.370000e-09	5.800000e-09	1.700000e-08	3.159266e-01	2.604352e-02	-1.719935e-01	
2.700000e-09	5.100000e-09	1.800000e-08	-3.986124e-01	8.799594e-03	-1.523721e-01	
2.700000e-09	5.100000e-09	1.800000e-08	-4.022489e-01	8.754891e-03	-1.502849e-01	
2.700000e-09	5.100000e-09	1.800000e-08	-3.827273e-01	8.830767e-03	-1.523839e-01	
2.370000e-09	5.800000e-09	1.700000e-08	3.401316e-01	2.606019e-02	-1.709002e-01	
2.370000e-09	5.800000e-09	1.700000e-08	3.386137e-01	2.606268e-02	-1.572060e-01	
2.370000e-09	5.800000e-09	1.700000e-08	3.178588e-01	2.603837e-02	-1.490070e-01	
2.700000e-09	5.100000e-09	1.800000e-08	-4.100122e-01	8.822535e-03	-1.520867e-01	
2.700000e-09	5.100000e-09	1.800000e-08	-3.961278e-01	8.855634e-03	-1.470398e-01	
2.700000e-09	5.100000e-09	1.800000e-08	-3.973657e-01	8.753954e-03	-1.513535e-01	
2.370000e-09	5.800000e-09	1.700000e-08	3.613826e-01	2.604685e-02	-1.254639e-01	
2.370000e-09	5.800000e-09	1.700000e-08	3.069111e-01	2.605666e-02	-1.556597e-01	
2.370000e-09	5.800000e-09	1.700000e-08	3.272390e-01	2.605069e-02	-1.392016e-01	
2.700000e-09	5.100000e-09	1.800000e-08	-3.977578e-01	8.774583e-03	-1.536479e-01	
2.700000e-09	5.100000e-09	1.800000e-08	-4.057244e-01	8.813162e-03	-1.472521e-01	
2.700000e-09	5.100000e-09	1.800000e-08	-3.869705e-01	8.816752e-03	-1.472825e-01	
2.370000e-09	5.800000e-09	1.700000e-08	3.550232e-01	2.604615e-02	-1.583948e-01	
2.370000e-09	5.800000e-09	1.700000e-08	3.465991e-01	2.605082e-02	-1.590482e-01	
2.370000e-09	5.800000e-09	1.700000e-08	3.340641e-01	2.604613e-02	-1.577401e-01	
2.700000e-09	5.100000e-09	1.800000e-08	-4.001089e-01	8.826212e-03	-1.528856e-01	
2.700000e-09	5.100000e-09	1.800000e-08	-4.096765e-01	8.832875e-03	-1.509886e-01	
2.700000e-09	5.100000e-09	1.800000e-08	-3.934921e-01	8.781427e-03	-1.516710e-01	
2.370000e-09	5.800000e-09	1.700000e-08	3.296733e-01	2.606067e-02	-1.400229e-01	
2.370000e-09	5.800000e-09	1.700000e-08	3.318321e-01	2.604926e-02	-1.757091e-01	
2.370000e-09	5.800000e-09	1.700000e-08	3.237660e-01	2.604336e-02	-1.252147e-01	
2.700000e-09	5.100000e-09	1.800000e-08	-3.849186e-01	8.814108e-03	-1.500018e-01	
2.700000e-09	5.100000e-09	1.800000e-08	-3.973985e-01	8.818863e-03	-1.506344e-01	
2.700000e-09	5.100000e-09	1.800000e-08	-4.018293e-01	8.754142e-03	-1.489072e-01	
2.370000e-09	5.800000e-09	1.700000e-08	3.404937e-01	2.605385e-02	-1.587759e-01	
2.370000e-09	5.800000e-09	1.700000e-08	3.323476e-01	2.605005e-02	-1.632566e-01	
2.370000e-09	5.800000e-09	1.700000e-08	3.322593e-01	2.604929e-02	-1.592025e-01	
2.700000e-09	5.100000e-09	1.800000e-08	-4.185551e-01	8.873837e-03	-1.518919e-01	
2.700000e-09	5.100000e-09	1.800000e-08	-4.054641e-01	8.740622e-03	-1.509309e-01	
2.700000e-09	5.100000e-09	1.800000e-08	-3.899793e-01	8.768669e-03	-1.496246e-01	
2.370000e-09	5.800000e-09	1.700000e-08	3.383921e-01	2.605680e-02	-1.750861e-01	
2.370000e-09	5.800000e-09	1.700000e-08	3.198831e-01	2.604737e-02	-1.344739e-01	
2.370000e-09	5.800000e-09	1.700000e-08	3.450338e-01	2.604756e-02	-1.652208e-01	
2.700000e-09	5.100000e-09	1.800000e-08	-3.923979e-01	8.776558e-03	-1.518581e-01	
2.700000e-09	5.100000e-09	1.800000e-08	-3.979759e-01	8.861562e-03	-1.468999e-01	
2.700000e-09	5.100000e-09	1.800000e-08	-3.796757e-01	8.783494e-03	-1.508109e-01	
2.370000e-09	5.800000e-09	1.700000e-08	3.454542e-01	2.603933e-02	-1.779529e-01	
2.370000e-09	5.800000e-09	1.700000e-08	3.123783e-01	2.606219e-02	-1.605165e-01	
2.370000e-09	5.800000e-09	1.700000e-08	3.229364e-01	2.604275e-02	-1.660848e-01	
2.700000e-09	5.100000e-09	1.800000e-08	-4.085222e-01	8.754784e-03	-1.523679e-01	
2.700000e-09	5.100000e-09	1.800000e-08	-3.794871e-01	8.762508e-03	-1.484287e-01	
2.700000e-09	5.100000e-09	1.800000e-08	-3.865767e-01	8.835384e-03	-1.486273e-01	
2.370000e-09	5.800000e-09	1.700000e-08	3.365198e-01	2.604263e-02	-1.451963e-01	
2.370000e-09	5.800000e-09	1.700000e-08	3.342869e-01	2.604680e-02	-1.677751e-01	
2.370000e-09	5.800000e-09	1.700000e-08	3.367239e-01	2.605940e-02	-1.285120e-01	
2.700000e-09	5.100000e-09	1.800000e-08	-4.027311e-01	8.839474e-03	-1.498355e-01	
2.700000e-09	5.100000e-09	1.800000e-08	-4.009544e-01	8.831532e-03	-1.498233e-01	
2.700000e-09	5.100000e-09	1.800000e-08	-3.967789e-01	8.808595e-03	-1.484962e-01	
2.370000e-09	5.800000e-09	1.700000e-08	3.451338e-01	2.604360e-02	-1.421830e-01	
2.370000e-09	5.800000e-09	1.700000e-08	3.452737e-01	2.604982e-02	-1.591240e-01	
2.370000e-09	5.800000e-09	1.700000e-08	3.308349e-01	2.604918e-02	-1.423997e-01	
2.700000e-09	5.100000e-09	1.800000e-08	-3.891981e-01	8.821234e-03	-1.511971e-01	
2.700000e-09	5.100000e-09	1.800000e-08	-4.004144e-01	8.808220e-03	-1.506335e-01	
2.700000e-09	5.100000e-09	1.800000e-08	-4.283762e-01	8.838507e-03	-1.499464e-01	
2.370000e-09	5.800000e-09	1.700000e-08	3.345375e-01	2.605312e-02	-1.618406e-01	
2.370000e-09	5.800000e-09	1.700000e-08	3.218737e-01	2.605167e-02	-1.808923e-01	
2.370000e-09	5.800000e-09	1.700000e-08	3.392534e-01	2.605357e-02	-1.399141e-01	
2.700000e-09	5.100000e-09	1.800000e-08	-3.789202e-01	8.784555e-03	-1.502285e-01	
2.700000e-09	5.100000e-09	1.800000e-08	-3.918982e-01	8.863361e-03	-1.484558e-01	
2.700000e-09	5.100000e-09	1.800000e-08	-4.202947e-01	8.795702e-03	-1.496472e-01	
2.370000e-09	5.800000e-09	1.700000e-08	3.354701e-01	2.605033e-02	-1.600239e-01	
2.370000e-09	5.800000e-09	1.700000e-08	3.370128e-01	2.604226e-02	-1.364629e-01	
2.370000e-09	5.800000e-09	1.700000e-08	3.259432e-01	2.605860e-02	-1.598257e-01	
2.700000e-09	5.100000e-09	1.800000e-08	-3.889846e-01	8.831110e-03	-1.504104e-01	
2.700000e-09	5.100000e-09	1.800000e-08	-3.809734e-01	8.850213e-03	-1.498632e-01	
2.700000e-09	5.100000e-09	1.800000e-08	-4.027836e-01	8.725992e-03	-1.508516e-01	
2.370000e-09	5.800000e-09	1.700000e-08	3.344105e-01	2.604974e-02	-1.662441e-01	
2.370000e-09	5.800000e-09	1.700000e-08	3.164004e-01	2.604726e-02	-1.662801e-01	
2.370000e-09	5.800000e-09	1.700000e-08	3.275123e-01	2.604993e-02	-1.289212e-01	
2.700000e-09	5.100000e-09	1.800000e-08	-3.783589e-01	8.788245e-03	-1.525485e-01	
2.700000e-09	5.100000e-09	1.800000e-08	-4.166002e-01	8.724996e-03	-1.510452e-01	
2.700000e-09	5.100000e-09	1.800000e-08	-4.023684e-01	8.892182e-03	-1.507735e-01	
2.370000e-09	5.800000e-09	1.700000e-08	3.386043e-01	2.605125e-02	-1.628924e-01	
2.370000e-09	5.800000e-09	1.700000e-08	3.240735e-01	2.605248e-02	-1.660724e-01	
2.370000e-09	5.800000e-09	1.700000e-08	3.308751e-01	2.605210e-02	-1.622169e-01	
2.700000e-09	5.100000e-09	1.800000e-08	-4.115955e-01	8.772435e-03	-1.509242e-01	
2.700000e-09	5.100000e-09	1.800000e-08	-3.892946e-01	8.789815e-03	-1.521346e-01	
2.700000e-09	5.100000e-09	1.800000e-08	-4.008729e-01	8.816766e-03	-1.493783e-01	
2.370000e-09	5.800000e-09	1.700000e-08	3.581838e-01	2.605767e-02	-1.377332e-01	
2.370000e-09	5.800000e-09	1.700000e-08	3.202153e-01	2.604729e-02	-1.609707e-01	
2.370000e-09	5.800000e-09	1.700000e-08	3.308386e-01	2.604681e-02	-1.684830e-01	
2.700000e-09	5.100000e-09	1.800000e-08	-3.980298e-01	8.839499e-03	-1.506617e-01	
2.700000e-09	5.100000e-09	1.800000e-08	-4.057404e-01	8.784750e-03	-1.471746e-01	
2.700000e-09	5.100000e-09	1.800000e-08	-3.921032e-01	8.793268e-03	-1.468601e-01	
2.370000e-09	5.800000e-09	1.700000e-08	3.419609e-01	2.605969e-02	-1.513795e-01	
2.370000e-09	5.800000e-09	1.700000e-08	3.244079e-01	2.604679e-02	-1.346625e-01	
2.370000e-09	5.800000e-09	1.700000e-08	3.391838e-01	2.604596e-02	-1.674066e-01	
2.700000e-09	5.100000e-09	1.800000e-08	-3.940505e-01	8.786160e-03	-1.504714e-01	
2.700000e-09	5.100000e-09	1.800000e-08	-3.942496e-01	8.847258e-03	-1.468139e-01	
2.700000e-09	5.100000e-09	1.800000e-08	-3.987562e-01	8.866563e-03	-1.535034e-01	
2.370000e-09	5.800000e-09	1.700000e-08	3.437224e-01	2.604664e-02	-1.607891e-01	
2.370000e-09	5.800000e-09	1.700000e-08	3.262067e-01	2.604131e-02	-1.430758e-01	
2.370000e-09	5.800000e-09	1.700000e-08	3.467986e-01	2.604148e-02	-1.552563e-01	
2.700000e-09	5.100000e-09	1.800000e-08	-4.046062e-01	8.837623e-03	-1.496817e-01	
2.700000e-09	5.100000e-09	1.800000e-08	-3.855496e-01	8.786086e-03	-1.504841e-01	
2.700000e-09	5.100000e-09	1.800000e-08	-4.179510e-01	8.843247e-03	-1.472262e-01	
2.370000e-09	5.800000e-09	1.700000e-08	3.579923e-01	2.605328e-02	-1.843520e-01	
2.370000e-09	5.800000e-09	1.700000e-08	3.261367e-01	2.605309e-02	-1.515304e-01	
2.370000e-09	5.800000e-09	1.700000e-08	3.222564e-01	2.605188e-02	-1.514497e-01	
2.700000e-09	5.100000e-09	1.800000e-08	-4.019186e-01	8.820780e-03	-1.491610e-01	
2.700000e-09	5.100000e-09	1.800000e-08	-3.905379e-01	8.820400e-03	-1.488885e-01	
2.700000e-09	5.100000e-09	1.800000e-08	-4.123518e-01	8.836747e-03	-1.490355e-01	
2.370000e-09	5.800000e-09	1.700000e-08	3.270961e-01	2.604865e-02	-1.449136e-01	
2.370000e-09	5.800000e-09	1.700000e-08	3.330322e-01	2.604104e-02	-1.454116e-01	
2.370000e-09	5.800000e-09	1.700000e-08	3.443185e-01	2.604356e-02	-1.690716e-01	
2.700000e-09	5.100000e-09	1.800000e-08	-4.092464e-01	8.802970e-03	-1.482698e-01	
2.700000e-09	5.100000e-09	1.800000e-08	-4.108042e-01	8.713147e-03	-1.465740e-01	
2.700000e-09	5.100000e-09	1.800000e-08	-3.923989e-01	8.879214e-03	-1.491699e-01	
2.370000e-09	5.800000e-09	1.700000e-08	3.385456e-01	2.605114e-02	-1.311309e-01	
2.370000e-09	5.800000e-09	1.700000e-08	3.254271e-01	2.604752e-02	-1.641638e-01	
2.370000e-09	5.800000e-09	1.700000e-08	3.112422e-01	2.605292e-02	-1.676972e-01	
2.700000e-09	5.100000e-09	1.800000e-08	-3.718470e-01	8.810196e-03	-1.497968e-01	
2.700000e-09	5.100000e-09	1.800000e-08	-4.008623e-01	8.739588e-03	-1.496625e-01	
2.700000e-09	5.100000e-09	1.800000e-08	-3.815270e-01	8.777847e-03	-1.489761e-01	
2.370000e-09	5.800000e-09	1.700000e-08	3.519243e-01	2.604419e-02	-1.606165e-01	
2.370000e-09	5.800000e-09	1.700000e-08	3.392292e-01	2.605814e-02	-1.529700e-01	
2.370000e-09	5.800000e-09	1.700000e-08	3.424047e-01	2.605535e-02	-1.401526e-01	
2.700000e-09	5.100000e-09	1.800000e-08	-3.785347e-01	8.798565e-03	-1.512365e-01	
2.700000e-09	5.100000e-09	1.800000e-08	-3.934033e-01	8.750408e-03	-1.512409e-01	
2.700000e-09	5.100000e-09	1.800000e-08	-3.947234e-01	8.725393e-03	-1.513446e-01	
2.370000e-09	5.800000e-09	1.700000e-08	3.465977e-01	2.606627e-02	-1.488128e-01	
2.370000e-09	5.800000e-09	1.700000e-08	3.316642e-01	2.605447e-02	-1.564025e-01	
2.370000e-09	5.800000e-09	1.700000e-08	3.314448e-01	2.604782e-02	-1.580019e-01	
2.700000e-09	5.100000e-09	1.800000e-08	-4.098534e-01	8.743289e-03	-1.531129e-01	
2.700000e-09	5.100000e-09	1.800000e-08	-4.221813e-01	8.691101e-03	-1.496142e-01	
2.700000e-09	5.100000e-09	1.800000e-08	-3.847844e-01	8.859575e-03	-1.486100e-01	
2.370000e-09	5.800000e-09	1.700000e-08	3.381581e-01	2.605366e-02	-1.325535e-01	
2.370000e-09	5.800000e-09	1.700000e-08	3.338545e-01	2.604503e-02	-1.671660e-01	
2.370000e-09	5.800000e-09	1.700000e-08	3.402194e-01	2.605440e-02	-1.550059e-01	
2.700000e-09	5.100000e-09	1.800000e-08	-3.944898e-01	8.823287e-03	-1.493819e-01	
2.700000e-09	5.100000e-09	1.800000e-08	-4.043532e-01	8.830274e-03	-1.489243e-01	
2.700000e-09	5.100000e-09	1.800000e-08	-4.012245e-01	8.835307e-03	-1.490900e-01	
2.370000e-09	5.800000e-09	1.700000e-08	3.381710e-01	2.604704e-02	-1.564741e-01	
2.370000e-09	5.800000e-09	1.700000e-08	3.107481e-01	2.604900e-02	-1.576787e-01	
2.370000e-09	5.800000e-09	1.700000e-08	3.285695e-01	2.604411e-02	-1.830367e-01	
2.700000e-09	5.100000e-09	1.800000e-08	-3.858283e-01	8.856585e-03	-1.506006e-01	
2.700000e-09	5.100000e-09	1.800000e-08	-4.010832e-01	8.882586e-03	-1.514679e-01	
2.700000e-09	5.100000e-09	1.800000e-08	-3.916076e-01	8.759751e-03	-1.503691e-01	
2.370000e-09	5.800000e-09	1.700000e-08	3.487242e-01	2.605216e-02	-1.661824e-01	
2.370000e-09	5.800000e-09	1.700000e-08	3.543732e-01	2.605107e-02	-1.526585e-01	
2.370000e-09	5.800000e-09	1.700000e-08	3.176337e-01	2.604751e-02	-1.565094e-01	
2.700000e-09	5.100000e-09	1.800000e-08	-3.984067e-01	8.836299e-03	-1.496006e-01	
2.700000e-09	5.100000e-09	1.800000e-08	-4.127966e-01	8.867306e-03	-1.487840e-01	
2.700000e-09	5.100000e-09	1.800000e-08	-3.706760e-01	8.891035e-03	-1.497212e-01	
2.370000e-09	5.800000e-09	1.700000e-08	3.410338e-01	2.604959e-02	-1.669825e-01	
2.370000e-09	5.800000e-09	1.700000e-08	3.277635e-01	2.604830e-02	-1.459080e-01	
2.370000e-09	5.800000e-09	1.700000e-08	3.150966e-01	2.605916e-02	-1.324672e-01	
2.700000e-09	5.100000e-09	1.800000e-08	-4.115076e-01	8.830343e-03	-1.490014e-01	
2.700000e-09	5.100000e-09	1.800000e-08	-4.044467e-01	8.823200e-03	-1.477867e-01	
2.700000e-09	5.100000e-09	1.800000e-08	-4.074897e-01	8.768150e-03	-1.533122e-01	
2.370000e-09	5.800000e-09	1.700000e-08	3.387043e-01	2.605844e-02	-1.368304e-01	
2.370000e-09	5.800000e-09	1.700000e-08	3.200427e-01	2.604150e-02	-1.666755e-01	
2.370000e-09	5.800000e-09	1.700000e-08	3.259315e-01	2.604914e-02	-1.361465e-01	
2.700000e-09	5.100000e-09	1.800000e-08	-3.955235e-01	8.848344e-03	-1.499731e-01	
2.700000e-09	5.100000e-09	1.800000e-08	-4.010846e-01	8.857501e-03	-1.499884e-01	
2.700000e-09	5.100000e-09	1.800000e-08	-4.060056e-01	8.791186e-03	-1.524334e-01	
2.370000e-09	5.800000e-09	1.700000e-08	3.773880e-01	2.605104e-02	-1.317605e-01	
2.370000e-09	5.800000e-09	1.700000e-08	3.374427e-01	2.605229e-02	-1.221750e-01	
2.370000e-09	5.800000e-09	1.700000e-08	3.417617e-01	2.605748e-02	-1.622159e-01	
2.700000e-09	5.100000e-09	1.800000e-08	-3.901344e-01	8.813539e-03	-1.500521e-01	
2.700000e-09	5.100000e-09	1.800000e-08	-3.906111e-01	8.832540e-03	-1.494792e-01	
2.700000e-09	5.100000e-09	1.800000e-08	-4.162913e-01	8.790547e-03	-1.466104e-01	
2.370000e-09	5.800000e-09	1.700000e-08	3.228634e-01	2.605472e-02	-1.372508e-01	
2.370000e-09	5.800000e-09	1.700000e-08	3.117177e-01	2.605253e-02	-1.321214e-01	
2.370000e-09	5.800000e-09	1.700000e-08	3.294857e-01	2.604499e-02	-1.422077e-01	
2.700000e-09	5.100000e-09	1.800000e-08	-3.904017e-01	8.821611e-03	-1.454605e-01	
2.700000e-09	5.100000e-09	1.800000e-08	-3.998229e-01	8.809077e-03	-1.445519e-01	
2.700000e-09	5.100000e-09	1.800000e-08	-4.026740e-01	8.835128e-03	-1.503025e-01	
2.370000e-09	5.800000e-09	1.700000e-08	3.292565e-01	2.605039e-02	-1.332310e-01	
2.370000e-09	5.800000e-09	1.700000e-08	3.359920e-01	2.604347e-02	-1.613674e-01	
2.370000e-09	5.800000e-09	1.700000e-08	3.244175e-01	2.604927e-02	-1.498038e-01	
2.700000e-09	5.100000e-09	1.800000e-08	-3.780435e-01	8.785341e-03	-1.511799e-01	
2.700000e-09	5.100000e-09	1.800000e-08	-4.001305e-01	8.767429e-03	-1.514274e-01	
2.700000e-09	5.100000e-09	1.800000e-08	-4.175209e-01	8.892733e-03	-1.507014e-01	
2.370000e-09	5.800000e-09	1.700000e-08	3.278502e-01	2.606180e-02	-1.705237e-01	
2.370000e-09	5.800000e-09	1.700000e-08	3.315805e-01	2.605166e-02	-1.468911e-01	
2.370000e-09	5.800000e-09	1.700000e-08	3.385107e-01	2.604303e-02	-1.557965e-01	
2.700000e-09	5.100000e-09	1.800000e-08	-3.986820e-01	8.845133e-03	-1.502363e-01	
2.700000e-09	5.100000e-09	1.800000e-08	-4.007837e-01	8.751977e-03	-1.498937e-01	
2.700000e-09	5.100000e-09	1.800000e-08	-4.045166e-01	8.802700e-03	-1.481022e-01	
2.370000e-09	5.800000e-09	1.700000e-08	3.382364e-01	2.604980e-02	-1.344023e-01	
2.370000e-09	5.800000e-09	1.700000e-08	3.391845e-01	2.604767e-02	-1.610253e-01	
2.370000e-09	5.800000e-09	1.700000e-08	3.372682e-01	2.604546e-02	-1.511971e-01	
2.700000e-09	5.100000e-09	1.800000e-08	-4.097047e-01	8.874486e-03	-1.525699e-01	
2.700000e-09	5.100000e-09	1.800000e-08	-3.994372e-01	8.837966e-03	-1.489686e-01	
2.700000e-09	5.100000e-09	1.800000e-08	-3.878230e-01	8.679498e-03	-1.448389e-01	
2.370000e-09	5.800000e-09	1.700000e-08	3.294574e-01	2.605744e-02	-1.491009e-01	
2.370000e-09	5.800000e-09	1.700000e-08	3.343278e-01	2.604875e-02	-1.383116e-01	
2.370000e-09	5.800000e-09	1.700000e-08	3.361263e-01	2.605235e-02	-1.650628e-01	
2.700000e-09	5.100000e-09	1.800000e-08	-3.913901e-01	8.830601e-03	-1.472368e-01	
2.700000e-09	5.100000e-09	1.800000e-08	-3.956119e-01	8.784044e-03	-1.523113e-01	
2.700000e-09	5.100000e-09	1.800000e-08	-4.070731e-01	8.808767e-03	-1.497038e-01	
2.370000e-09	5.800000e-09	1.700000e-08	3.172429e-01	2.605567e-02	-1.473411e-01	
2.370000e-09	5.800000e-09	1.700000e-08	3.270691e-01	2.605187e-02	-1.617051e-01	
2.370000e-09	5.800000e-09	1.700000e-08	3.118362e-01	2.605866e-02	-1.580546e-01	
2.700000e-09	5.100000e-09	1.800000e-08	-3.971450e-01	8.859656e-03	-1.483152e-01	
2.700000e-09	5.100000e-09	1.800000e-08	-3.881021e-01	8.833260e-03	-1.481764e-01	
2.700000e-09	5.100000e-09	1.800000e-08	-3.884715e-01	8.792503e-03	-1.496638e-01	
2.370000e-09	5.800000e-09	1.700000e-08	3.146564e-01	2.603273e-02	-1.635007e-01	
2.370000e-09	5.800000e-09	1.700000e-08	3.349508e-01	2.605414e-02	-1.870986e-01	
2.370000e-09	5.800000e-09	1.700000e-08	3.310296e-01	2.604299e-02	-1.457440e-01	
2.700000e-09	5.100000e-09	1.800000e-08	-3.816095e-01	8.828925e-03	-1.488444e-01	
2.700000e-09	5.100000e-09	1.800000e-08	-4.063192e-01	8.756766e-03	-1.490662e-01	
2.700000e-09	5.100000e-09	1.800000e-08	-4.157841e-01	8.876400e-03	-1.523997e-01	
2.370000e-09	5.800000e-09	1.700000e-08	3.271960e-01	2.605762e-02	-1.344373e-01	
2.370000e-09	5.800000e-09	1.700000e-08	3.092130e-01	2.604724e-02	-1.337964e-01	
2.370000e-09	5.800000e-09	1.700000e-08	3.265758e-01	2.605369e-02	-1.321642e-01	
2.700000e-09	5.100000e-09	1.800000e-08	-4.043562e-01	8.899831e-03	-1.497046e-01	
2.700000e-09	5.100000e-09	1.800000e-08	-4.095227e-01	8.836365e-03	-1.522116e-01	
2.700000e-09	5.100000e-09	1.800000e-08	-4.061512e-01	8.787743e-03	-1.523312e-01	
2.370000e-09	5.800000e-09	1.700000e-08	3.301503e-01	2.605577e-02	-1.603293e-01	
2.370000e-09	5.800000e-09	1.700000e-08	3.295699e-01	2.604394e-02	-1.619853e-01	
2.370000e-09	5.800000e-09	1.700000e-08	3.229455e-01	2.604784e-02	-1.760930e-01	
2.700000e-09	5.100000e-09	1.800000e-08	-3.865215e-01	8.841075e-03	-1.456135e-01	
2.700000e-09	5.100000e-09	1.800000e-08	-3.975157e-01	8.824695e-03	-1.502734e-01	
2.700000e-09	5.100000e-09	1.800000e-08	-4.009039e-01	8.816040e-03	-1.488155e-01	
2.370000e-09	5.800000e-09	1.700000e-08	3.660291e-01	2.606468e-02	-1.493780e-01	
2.370000e-09	5.800000e-09	1.700000e-08	3.186480e-01	2.605393e-02	-1.539208e-01	
2.370000e-09	5.800000e-09	1.700000e-08	3.184298e-01	2.606249e-02	-1.679964e-01	
2.700000e-09	5.100000e-09	1.800000e-08	-4.044056e-01	8.899920e-03	-1.505531e-01	
2.700000e-09	5.100000e-09	1.800000e-08	-3.862726e-01	8.757872e-03	-1.488391e-01	
2.700000e-09	5.100000e-09	1.800000e-08	-3.934168e-01	8.762802e-03	-1.506962e-01	
2.370000e-09	5.800000e-09	1.700000e-08	3.347268e-01	2.604889e-02	-1.541264e-01	
2.370000e-09	5.800000e-09	1.700000e-08	3.363327e-01	2.605591e-02	-1.681192e-01	
2.370000e-09	5.800000e-09	1.700000e-08	3.313141e-01	2.604783e-02	-1.474065e-01	
2.700000e-09	5.100000e-09	1.800000e-08	-3.999519e-01	8.837788e-03	-1.503401e-01	
2.700000e-09	5.100000e-09	1.800000e-08	-3.914906e-01	8.817027e-03	-1.493183e-01	
2.700000e-09	5.100000e-09	1.800000e-08	-4.059255e-01	8.803842e-03	-1.484080e-01	
2.370000e-09	5.800000e-09	1.700000e-08	3.227359e-01	2.604295e-02	-1.470120e-01	
2.370000e-09	5.800000e-09	1.700000e-08	3.221117e-01	2.605242e-02	-1.372500e-01	
2.370000e-09	5.800000e-09	1.700000e-08	3.329680e-01	2.605503e-02	-1.811094e-01	
2.700000e-09	5.100000e-09	1.800000e-08	-3.701273e-01	8.757525e-03	-1.488676e-01	
2.700000e-09	5.100000e-09	1.800000e-08	-3.941836e-01	8.824239e-03	-1.477859e-01	
2.700000e-09	5.100000e-09	1.800000e-08	-4.037686e-01	8.723658e-03	-1.471234e-01	
2.370000e-09	5.800000e-09	1.700000e-08	3.296957e-01	2.604166e-02	-1.251815e-01	
2.370000e-09	5.800000e-09	1.700000e-08	3.277349e-01	2.604650e-02	-1.514780e-01	
2.370000e-09	5.800000e-09	1.700000e-08	3.481253e-01	2.606392e-02	-1.423080e-01	
2.700000e-09	5.100000e-09	1.800000e-08	-3.975274e-01	8.764198e-03	-1.516783e-01	
2.700000e-09	5.100000e-09	1.800000e-08	-4.019505e-01	8.740681e-03	-1.452150e-01	
2.700000e-09	5.100000e-09	1.800000e-08	-4.091887e-01	8.785553e-03	-1.505478e-01	
2.370000e-09	5.800000e-09	1.700000e-08	3.546028e-01	2.604638e-02	-1.569374e-01	
2.370000e-09	5.800000e-09	1.700000e-08	3.146959e-01	2.605197e-02	-1.654754e-01	
2.370000e-09	5.800000e-09	1.700000e-08	3.308468e-01	2.605634e-02	-1.420978e-01	
2.700000e-09	5.100000e-09	1.800000e-08	-3.952676e-01	8.807033e-03	-1.502611e-01	
2.700000e-09	5.100000e-09	1.800000e-08	-3.835399e-01	8.814960e-03	-1.506489e-01	
2.700000e-09	5.100000e-09	1.800000e-08	-3.932593e-01	8.739875e-03	-1.524140e-01	
2.370000e-09	5.800000e-09	1.700000e-08	3.276008e-01	2.604255e-02	-1.829571e-01	
2.370000e-09	5.800000e-09	1.700000e-08	3.220996e-01	2.604671e-02	-1.358871e-01	
2.370000e-09	5.800000e-09	1.700000e-08	3.186634e-01	2.604840e-02	-1.466044e-01	
2.700000e-09	5.100000e-09	1.800000e-08	-4.033237e-01	8.842689e-03	-1.503853e-01	
2.700000e-09	5.100000e-09	1.800000e-08	-3.963965e-01	8.809539e-03	-1.515678e-01	
2.700000e-09	5.100000e-09	1.800000e-08	-3.839175e-01	8.783223e-03	-1.499181e-01	
2.370000e-09	5.800000e-09	1.700000e-08	3.411348e-01	2.605260e-02	-1.194777e-01	
2.370000e-09	5.800000e-09	1.700000e-08	3.374288e-01	2.604253e-02	-1.571639e-01	
2.370000e-09	5.800000e-09	1.700000e-08	3.133071e-01	2.604101e-02	-1.670071e-01	
2.700000e-09	5.100000e-09	1.800000e-08	-3.957364e-01	8.888935e-03	-1.503365e-01	
2.700000e-09	5.100000e-09	1.800000e-08	-3.859143e-01	8.856493e-03	-1.503166e-01	
2.700000e-09	5.100000e-09	1.800000e-08	-3.897480e-01	8.820979e-03	-1.481950e-01	
2.370000e-09	5.800000e-09	1.700000e-08	3.497906e-01	2.605719e-02	-1.608169e-01	
2.370000e-09	5.800000e-09	1.700000e-08	3.192860e-01	2.604821e-02	-1.642754e-01	
2.370000e-09	5.800000e-09	1.700000e-08	3.324884e-01	2.604370e-02	-1.666352e-01	
2.700000e-09	5.100000e-09	1.800000e-08	-3.708808e-01	8.705246e-03	-1.503026e-01	
2.700000e-09	5.100000e-09	1.800000e-08	-3.870413e-01	8.740078e-03	-1.520590e-01	
2.700000e-09	5.100000e-09	1.800000e-08	-3.918557e-01	8.890327e-03	-1.512429e-01	
2.370000e-09	5.800000e-09	1.700000e-08	3.352595e-01	2.605285e-02	-1.688495e-01	
2.370000e-09	5.800000e-09	1.700000e-08	3.038146e-01	2.605586e-02	-1.486725e-01	
2.370000e-09	5.800000e-09	1.700000e-08	3.411492e-01	2.605093e-02	-1.457011e-01	
2.700000e-09	5.100000e-09	1.800000e-08	-3.832783e-01	8.871572e-03	-1.533525e-01	
2.700000e-09	5.100000e-09	1.800000e-08	-4.034701e-01	8.836853e-03	-1.483012e-01	
2.700000e-09	5.100000e-09	1.800000e-08	-3.979288e-01	8.824026e-03	-1.461875e-01	
2.370000e-09	5.800000e-09	1.700000e-08	3.316726e-01	2.605899e-02	-1.533873e-01	
2.370000e-09	5.800000e-09	1.700000e-08	3.331848e-01	2.605127e-02	-1.665818e-01	
2.370000e-09	5.800000e-09	1.700000e-08	3.270279e-01	2.604697e-02	-1.540367e-01	
2.700000e-09	5.100000e-09	1.800000e-08	-3.978505e-01	8.831152e-03	-1.473696e-01	
2.700000e-09	5.100000e-09	1.800000e-08	-3.954559e-01	8.829908e-03	-1.496204e-01	
2.700000e-09	5.100000e-09	1.800000e-08	-3.953793e-01	8.812156e-03	-1.502056e-01	
2.370000e-09	5.800000e-09	1.700000e-08	3.758543e-01	2.603921e-02	-1.572504e-01	
2.370000e-09	5.800000e-09	1.700000e-08	3.296115e-01	2.605138e-02	-1.723035e-01	
2.370000e-09	5.800000e-09	1.700000e-08	3.320498e-01	2.604377e-02	-1.543150e-01	
2.700000e-09	5.100000e-09	1.800000e-08	-3.836792e-01	8.747970e-03	-1.502494e-01	
2.700000e-09	5.100000e-09	1.800000e-08	-3.918336e-01	8.837293e-03	-1.492271e-01	
2.700000e-09	5.100000e-09	1.800000e-08	-4.141129e-01	8.772699e-03	-1.486234e-01	
2.370000e-09	5.800000e-09	1.700000e-08	3.402562e-01	2.605506e-02	-1.582676e-01	
2.370000e-09	5.800000e-09	1.700000e-08	3.200174e-01	2.605340e-02	-1.528008e-01	
2.370000e-09	5.800000e-09	1.700000e-08	3.256049e-01	2.604338e-02	-1.507689e-01	
2.700000e-09	5.100000e-09	1.800000e-08	-3.973396e-01	8.848898e-03	-1.480703e-01	
2.700000e-09	5.100000e-09	1.800000e-08	-3.978504e-01	8.777249e-03	-1.516138e-01	
2.700000e-09	5.100000e-09	1.800000e-08	-3.912923e-01	8.798746e-03	-1.507205e-01	
2.370000e-09	5.800000e-09	1.700000e-08	3.387824e-01	2.604132e-02	-1.418521e-01	
2.370000e-09	5.800000e-09	1.700000e-08	3.161524e-01	2.605855e-02	-1.317091e-01	
2.370000e-09	5.800000e-09	1.700000e-08	3.067989e-01	2.605335e-02	-1.381198e-01	
2.700000e-09	5.100000e-09	1.800000e-08	-4.014311e-01	8.787823e-03	-1.527478e-01	
2.700000e-09	5.100000e-09	1.800000e-08	-4.150214e-01	8.692318e-03	-1.506402e-01	
2.700000e-09	5.100000e-09	1.800000e-08	-3.837227e-01	8.810061e-03	-1.483669e-01	
2.370000e-09	5.800000e-09	1.700000e-08	3.250019e-01	2.604382e-02	-1.315708e-01	
2.370000e-09	5.800000e-09	1.700000e-08	3.216445e-01	2.603990e-02	-1.728020e-01	
2.370000e-09	5.800000e-09	1.700000e-08	3.510171e-01	2.604950e-02	-1.516721e-01	
2.700000e-09	5.100000e-09	1.800000e-08	-3.842788e-01	8.755211e-03	-1.508612e-01	
2.700000e-09	5.100000e-09	1.800000e-08	-3.922036e-01	8.749956e-03	-1.494438e-01	
2.700000e-09	5.100000e-09	1.800000e-08	-4.125259e-01	8.757345e-03	-1.518089e-01	
2.370000e-09	5.800000e-09	1.700000e-08	3.294232e-01	2.604698e-02	-1.412789e-01	
2.370000e-09	5.800000e-09	1.700000e-08	3.381420e-01	2.605612e-02	-1.490334e-01	
2.370000e-09	5.800000e-09	1.700000e-08	3.426094e-01	2.605417e-02	-1.396066e-01	
2.700000e-09	5.100000e-09	1.800000e-08	-4.035619e-01	8.876290e-03	-1.515277e-01	
2.700000e-09	5.100000e-09	1.800000e-08	-3.994795e-01	8.828177e-03	-1.498799e-01	
2.700000e-09	5.100000e-09	1.800000e-08	-3.995722e-01	8.847028e-03	-1.498177e-01	
2.370000e-09	5.800000e-09	1.700000e-08	3.366559e-01	2.604476e-02	-1.185618e-01	
2.370000e-09	5.800000e-09	1.700000e-08	3.320057e-01	2.605016e-02	-1.672682e-01	
2.370000e-09	5.800000e-09	1.700000e-08	3.388741e-01	2.605479e-02	-1.469219e-01	
2.700000e-09	5.100000e-09	1.800000e-08	-3.957493e-01	8.795084e-03	-1.515743e-01	
2.700000e-09	5.100000e-09	1.800000e-08	-3.886398e-01	8.849009e-03	-1.480437e-01	
2.700000e-09	5.100000e-09	1.800000e-08	-4.033330e-01	8.794331e-03	-1.512934e-01	
2.370000e-09	5.800000e-09	1.700000e-08	3.378711e-01	2.604541e-02	-1.343989e-01	
2.370000e-09	5.800000e-09	1.700000e-08	3.410134e-01	2.604470e-02	-1.439969e-01	
2.370000e-09	5.800000e-09	1.700000e-08	3.287838e-01	2.606056e-02	-1.360444e-01	
2.700000e-09	5.100000e-09	1.800000e-08	-3.749912e-01	8.816606e-03	-1.517067e-01	
2.700000e-09	5.100000e-09	1.800000e-08	-3.997449e-01	8.820101e-03	-1.461891e-01	
2.700000e-09	5.100000e-09	1.800000e-08	-4.200821e-01	8.770953e-03	-1.468685e-01	
2.370000e-09	5.800000e-09	1.700000e-08	3.329189e-01	2.603944e-02	-1.536420e-01	
2.370000e-09	5.800000e-09	1.700000e-08	3.339073e-01	2.604833e-02	-1.608276e-01	
2.370000e-09	5.800000e-09	1.700000e-08	3.479395e-01	2.605752e-02	-1.426741e-01	
2.700000e-09	5.100000e-09	1.800000e-08	-4.030359e-01	8.874266e-03	-1.475548e-01	
2.700000e-09	5.100000e-09	1.800000e-08	-3.960571e-01	8.801427e-03	-1.468668e-01	
2.700000e-09	5.100000e-09	1.800000e-08	-3.766872e-01	8.724455e-03	-1.481733e-01	
2.370000e-09	5.800000e-09	1.700000e-08	3.380028e-01	2.605162e-02	-1.731451e-01	
2.370000e-09	5.800000e-09	1.700000e-08	3.297144e-01	2.605520e-02	-1.363286e-01	
2.370000e-09	5.800000e-09	1.700000e-08	3.281386e-01	2.606076e-02	-1.720419e-01	
2.700000e-09	5.100000e-09	1.800000e-08	-3.885457e-01	8.810662e-03	-1.480345e-01	
2.700000e-09	5.100000e-09	1.800000e-08	-3.944200e-01	8.764260e-03	-1.479994e-01	
2.700000e-09	5.100000e-09	1.800000e-08	-3.731511e-01	8.785005e-03	-1.505166e-01	
2.370000e-09	5.800000e-09	1.700000e-08	3.250892e-01	2.605798e-02	-1.650477e-01	
2.370000e-09	5.800000e-09	1.700000e-08	3.302217e-01	2.605368e-02	-1.387876e-01	
2.370000e-09	5.800000e-09	1.700000e-08	3.264359e-01	2.605578e-02	-1.799475e-01	
2.700000e-09	5.100000e-09	1.800000e-08	-4.000459e-01	8.774359e-03	-1.520431e-01	
2.700000e-09	5.100000e-09	1.800000e-08	-3.814021e-01	8.763839e-03	-1.486270e-01	
2.700000e-09	5.100000e-09	1.800000e-08	-4.176698e-01	8.741947e-03	-1.485613e-01	
2.370000e-09	5.800000e-09	1.700000e-08	3.614032e-01	2.605879e-02	-1.808084e-01	
2.370000e-09	5.800000e-09	1.700000e-08	3.331258e-01	2.604220e-02	-1.851919e-01	
2.370000e-09	5.800000e-09	1.700000e-08	3.301655e-01	2.604410e-02	-1.650008e-01	
2.700000e-09	5.100000e-09	1.800000e-08	-3.941123e-01	8.819184e-03	-1.499714e-01	
2.700000e-09	5.100000e-09	1.800000e-08	-3.969092e-01	8.798904e-03	-1.485026e-01	
2.700000e-09	5.100000e-09	1.800000e-08	-3.932253e-01	8.909439e-03	-1.492168e-01	
2.370000e-09	5.800000e-09	1.700000e-08	3.261017e-01	2.605033e-02	-1.537714e-01	
2.370000e-09	5.800000e-09	1.700000e-08	3.203333e-01	2.605566e-02	-1.562023e-01	
2.370000e-09	5.800000e-09	1.700000e-08	3.343903e-01	2.605107e-02	-1.470752e-01	
2.700000e-09	5.100000e-09	1.800000e-08	-3.941740e-01	8.837668e-03	-1.488039e-01	
2.700000e-09	5.100000e-09	1.800000e-08	-3.864594e-01	8.901602e-03	-1.504261e-01	
2.700000e-09	5.100000e-09	1.800000e-08	-4.103821e-01	8.845088e-03	-1.498131e-01	
2.370000e-09	5.800000e-09	1.700000e-08	3.495101e-01	2.604714e-02	-1.702370e-01	
2.370000e-09	5.800000e-09	1.700000e-08	3.360191e-01	2.604376e-02	-1.639469e-01	
2.370000e-09	5.800000e-09	1.700000e-08	3.094652e-01	2.604931e-02	-1.506997e-01	
2.700000e-09	5.100000e-09	1.800000e-08	-4.017560e-01	8.837494e-03	-1.517227e-01	
2.700000e-09	5.100000e-09	1.800000e-08	-3.952889e-01	8.810429e-03	-1.502929e-01	
2.700000e-09	5.100000e-09	1.800000e-08	-4.014498e-01	8.837692e-03	-1.486569e-01	
2.370000e-09	5.800000e-09	1.700000e-08	3.427698e-01	2.605840e-02	-1.581391e-01	
2.370000e-09	5.800000e-09	1.700000e-08	3.436752e-01	2.605282e-02	-1.397005e-01	
2.370000e-09	5.800000e-09	1.700000e-08	3.080380e-01	2.604061e-02	-1.450817e-01	
2.700000e-09	5.100000e-09	1.800000e-08	-4.116074e-01	8.782675e-03	-1.457757e-01	
2.700000e-09	5.100000e-09	1.800000e-08	-3.996922e-01	8.771392e-03	-1.491534e-01	
2.700000e-09	5.100000e-09	1.800000e-08	-3.923295e-01	8.833338e-03	-1.490570e-01	
2.370000e-09	5.800000e-09	1.700000e-08	3.350116e-01	2.603886e-02	-1.657574e-01	
2.370000e-09	5.800000e-09	1.700000e-08	3.431287e-01	2.604865e-02	-1.592308e-01	
2.370000e-09	5.800000e-09	1.700000e-08	3.224343e-01	2.604469e-02	-1.441876e-01	
2.700000e-09	5.100000e-09	1.800000e-08	-3.815810e-01	8.806384e-03	-1.517858e-01	
2.700000e-09	5.100000e-09	1.800000e-08	-3.915468e-01	8.813959e-03	-1.514489e-01	
2.700000e-09	5.100000e-09	1.800000e-08	-3.930474e-01	8.781150e-03	-1.471793e-01	
2.370000e-09	5.800000e-09	1.700000e-08	3.303163e-01	2.605152e-02	-1.436766e-01	
2.370000e-09	5.800000e-09	1.700000e-08	3.151065e-01	2.604891e-02	-1.459879e-01	
2.370000e-09	5.800000e-09	1.700000e-08	3.226372e-01	2.605039e-02	-1.680145e-01	
2.700000e-09	5.100000e-09	1.800000e-08	-3.816603e-01	8.785743e-03	-1.500957e-01	
2.700000e-09	5.100000e-09	1.800000e-08	-4.015478e-01	8.795433e-03	-1.486640e-01	
2.700000e-09	5.100000e-09	1.800000e-08	-3.865625e-01	8.790526e-03	-1.490655e-01	
2.370000e-09	5.800000e-09	1.700000e-08	3.329488e-01	2.605254e-02	-1.595801e-01	
2.370000e-09	5.800000e-09	1.700000e-08	3.401989e-01	2.604803e-02	-1.740014e-01	
2.370000e-09	5.800000e-09	1.700000e-08	3.376346e-01	2.604690e-02	-1.764380e-01	
2.700000e-09	5.100000e-09	1.800000e-08	-4.054509e-01	8.734859e-03	-1.487639e-01	
2.700000e-09	5.100000e-09	1.800000e-08	-4.076657e-01	8.756852e-03	-1.517978e-01	
2.700000e-09	5.100000e-09	1.800000e-08	-3.971516e-01	8.729371e-03	-1.507729e-01	
2.370000e-09	5.800000e-09	1.700000e-08	3.206356e-01	2.604191e-02	-1.558391e-01	
2.370000e-09	5.800000e-09	1.700000e-08	3.162785e-01	2.605598e-02	-1.467979e-01	
2.370000e-09	5.800000e-09	1.700000e-08	3.219387e-01	2.604774e-02	-1.651134e-01	
2.700000e-09	5.100000e-09	1.800000e-08	-4.054502e-01	8.795289e-03	-1.520119e-01	
2.700000e-09	5.100000e-09	1.800000e-08	-3.993086e-01	8.766590e-03	-1.509844e-01	
2.700000e-09	5.100000e-09	1.800000e-08	-4.135359e-01	8.795848e-03	-1.498491e-01	
2.370000e-09	5.800000e-09	1.700000e-08	3.520351e-01	2.605169e-02	-1.576677e-01	
2.370000e-09	5.800000e-09	1.700000e-08	3.293801e-01	2.605310e-02	-1.531568e-01	
2.370000e-09	5.800000e-09	1.700000e-08	3.257515e-01	2.605068e-02	-1.564239e-01	
2.700000e-09	5.100000e-09	1.800000e-08	-3.973852e-01	8.782371e-03	-1.528049e-01	
2.700000e-09	5.100000e-09	1.800000e-08	-4.200838e-01	8.838307e-03	-1.520318e-01	
2.700000e-09	5.100000e-09	1.800000e-08	-3.869789e-01	8.896892e-03	-1.509172e-01	
2.370000e-09	5.800000e-09	1.700000e-08	3.286997e-01	2.604369e-02	-1.679451e-01	
2.370000e-09	5.800000e-09	1.700000e-08	3.222957e-01	2.603622e-02	-1.469178e-01	
2.370000e-09	5.800000e-09	1.700000e-08	3.541297e-01	2.604821e-02	-1.614195e-01	
2.700000e-09	5.100000e-09	1.800000e-08	-3.920899e-01	8.824778e-03	-1.509747e-01	
2.700000e-09	5.100000e-09	1.800000e-08	-4.214914e-01	8.775914e-03	-1.491883e-01	
2.700000e-09	5.100000e-09	1.800000e-08	-3.997501e-01	8.761241e-03	-1.489429e-01	
2.370000e-09	5.800000e-09	1.700000e-08	3.573821e-01	2.604681e-02	-1.776548e-01	
2.370000e-09	5.800000e-09	1.700000e-08	3.420441e-01	2.605177e-02	-1.452205e-01	
2.370000e-09	5.800000e-09	1.700000e-08	3.217240e-01	2.605017e-02	-1.394635e-01	
2.700000e-09	5.100000e-09	1.800000e-08	-3.899104e-01	8.756553e-03	-1.476778e-01	
2.700000e-09	5.100000e-09	1.800000e-08	-3.964764e-01	8.870358e-03	-1.487760e-01	
2.700000e-09	5.100000e-09	1.800000e-08	-3.896998e-01	8.718316e-03	-1.527477e-01	
2.370000e-09	5.800000e-09	1.700000e-08	3.372804e-01	2.605128e-02	-1.596174e-01	
2.370000e-09	5.800000e-09	1.700000e-08	3.432756e-01	2.605950e-02	-1.505416e-01	
2.370000e-09	5.800000e-09	1.700000e-08	3.389652e-01	2.605386e-02	-1.479667e-01	
2.700000e-09	5.100000e-09	1.800000e-08	-4.011784e-01	8.879874e-03	-1.544959e-01	
2.700000e-09	5.100000e-09	1.800000e-08	-3.852149e-01	8.828601e-03	-1.504794e-01	
2.700000e-09	5.100000e-09	1.800000e-08	-3.987674e-01	8.751695e-03	-1.497413e-01	
2.370000e-09	5.800000e-09	1.700000e-08	3.348302e-01	2.604739e-02	-1.450092e-01	
2.370000e-09	5.800000e-09	1.700000e-08	3.314992e-01	2.604875e-02	-1.585355e-01	
2.370000e-09	5.800000e-09	1.700000e-08	3.149209e-01	2.605223e-02	-1.535451e-01	
2.700000e-09	5.100000e-09	1.800000e-08	-4.056505e-01	8.831117e-03	-1.496643e-01	
2.700000e-09	5.100000e-09	1.800000e-08	-4.103034e-01	8.857511e-03	-1.495365e-01	
2.700000e-09	5.100000e-09	1.800000e-08	-3.929211e-01	8.781877e-03	-1.500127e-01	
2.370000e-09	5.800000e-09	1.700000e-08	3.413968e-01	2.603955e-02	-1.717481e-01	
2.370000e-09	5.800000e-09	1.700000e-08	3.326485e-01	2.604384e-02	-1.559871e-01	
2.370000e-09	5.800000e-09	1.700000e-08	3.395164e-01	2.605243e-02	-1.352080e-01	
2.700000e-09	5.100000e-09	1.800000e-08	-3.823753e-01	8.806881e-03	-1.501543e-01	
2.700000e-09	5.100000e-09	1.800000e-08	-4.111673e-01	8.790738e-03	-1.504056e-01	
2.700000e-09	5.100000e-09	1.800000e-08	-3.938638e-01	8.811721e-03	-1.525910e-01	
2.370000e-09	5.800000e-09	1.700000e-08	3.402813e-01	2.605836e-02	-1.593469e-01	
2.370000e-09	5.800000e-09	1.700000e-08	3.504053e-01	2.604424e-02	-1.653527e-01	
2.370000e-09	5.800000e-09	1.700000e-08	3.206043e-01	2.604591e-02	-1.310095e-01	
2.700000e-09	5.100000e-09	1.800000e-08	-3.948396e-01	8.802516e-03	-1.458145e-01	
2.700000e-09	5.100000e-09	1.800000e-08	-3.977103e-01	8.773848e-03	-1.491063e-01	
2.700000e-09	5.100000e-09	1.800000e-08	-4.062333e-01	8.734422e-03	-1.506632e-01	
2.370000e-09	5.800000e-09	1.700000e-08	3.327537e-01	2.606001e-02	-1.429047e-01	
2.370000e-09	5.800000e-09	1.700000e-08	3.252306e-01	2.604584e-02	-1.704163e-01	
2.370000e-09	5.800000e-09	1.700000e-08	3.339747e-01	2.604455e-02	-1.429697e-01	
2.700000e-09	5.100000e-09	1.800000e-08	-3.870314e-01	8.763508e-03	-1.508921e-01	
2.700000e-09	5.100000e-09	1.800000e-08	-4.089595e-01	8.752186e-03	-1.474389e-01	
2.700000e-09	5.100000e-09	1.800000e-08	-3.982109e-01	8.807930e-03	-1.540991e-01	
2.370000e-09	5.800000e-09	1.700000e-08	3.420953e-01	2.604643e-02	-1.350411e-01	
2.370000e-09	5.800000e-09	1.700000e-08	3.353244e-01	2.604889e-02	-1.591508e-01	
2.370000e-09	5.800000e-09	1.700000e-08	3.341329e-01	2.604560e-02	-1.528271e-01	
2.700000e-09	5.100000e-09	1.800000e-08	-4.098676e-01	8.786572e-03	-1.506910e-01	
2.700000e-09	5.100000e-09	1.800000e-08	-4.122880e-01	8.815300e-03	-1.481648e-01	
2.700000e-09	5.100000e-09	1.800000e-08	-4.061734e-01	8.768353e-03	-1.511950e-01	
2.370000e-09	5.800000e-09	1.700000e-08	3.425823e-01	2.605724e-02	-1.568939e-01	
2.370000e-09	5.800000e-09	1.700000e-08	3.359581e-01	2.605082e-02	-1.397079e-01	
2.370000e-09	5.800000e-09	1.700000e-08	3.331719e-01	2.605766e-02	-1.379028e-01	
2.700000e-09	5.100000e-09	1.800000e-08	-3.938885e-01	8.787611e-03	-1.497821e-01	
2.700000e-09	5.100000e-09	1.800000e-08	-3.919018e-01	8.765838e-03	-1.452324e-01	
2.700000e-09	5.100000e-09	1.800000e-08	-3.910673e-01	8.818590e-03	-1.469040e-01	
2.370000e-09	5.800000e-09	1.700000e-08	3.175021e-01	2.604099e-02	-1.456596e-01	
2.370000e-09	5.800000e-09	1.700000e-08	3.170400e-01	2.606304e-02	-1.538004e-01	
2.370000e-09	5.800000e-09	1.700000e-08	3.274616e-01	2.605728e-02	-1.665906e-01	
2.700000e-09	5.100000e-09	1.800000e-08	-4.092881e-01	8.799856e-03	-1.484817e-01	
2.700000e-09	5.100000e-09	1.800000e-08	-4.127335e-01	8.771866e-03	-1.473856e-01	
2.700000e-09	5.100000e-09	1.800000e-08	-3.809203e-01	8.817045e-03	-1.516364e-01	
2.370000e-09	5.800000e-09	1.700000e-08	3.317137e-01	2.605398e-02	-1.379544e-01	
2.370000e-09	5.800000e-09	1.700000e-08	3.357434e-01	2.604289e-02	-1.191541e-01	
2.370000e-09	5.800000e-09	1.700000e-08	3.213356e-01	2.604306e-02	-1.398084e-01	
2.700000e-09	5.100000e-09	1.800000e-08	-4.028387e-01	8.812191e-03	-1.514507e-01	
2.700000e-09	5.100000e-09	1.800000e-08	-4.080401e-01	8.814677e-03	-1.478139e-01	
2.700000e-09	5.100000e-09	1.800000e-08	-3.970042e-01	8.882979e-03	-1.525323e-01	
2.370000e-09	5.800000e-09	1.700000e-08	3.440379e-01	2.605560e-02	-1.653274e-01	
2.370000e-09	5.800000e-09	1.700000e-08	3.339082e-01	2.604381e-02	-1.448076e-01	
2.370000e-09	5.800000e-09	1.700000e-08	3.226694e-01	2.605118e-02	-1.531913e-01	
2.700000e-09	5.100000e-09	1.800000e-08	-3.772508e-01	8.751183e-03	-1.489201e-01	
2.700000e-09	5.100000e-09	1.800000e-08	-3.937136e-01	8.800682e-03	-1.484153e-01	
2.700000e-09	5.100000e-09	1.800000e-08	-3.910570e-01	8.775857e-03	-1.494582e-01	
2.370000e-09	5.800000e-09	1.700000e-08	3.364556e-01	2.605097e-02	-1.697675e-01	
2.370000e-09	5.800000e-09	1.700000e-08	3.190816e-01	2.604441e-02	-1.578876e-01	
2.370000e-09	5.800000e-09	1.700000e-08	3.237737e-01	2.604935e-02	-1.519904e-01	
2.700000e-09	5.100000e-09	1.800000e-08	-4.027011e-01	8.782138e-03	-1.468858e-01	
2.700000e-09	5.100000e-09	1.800000e-08	-4.040139e-01	8.771518e-03	-1.503824e-01	
2.700000e-09	5.100000e-09	1.800000e-08	-3.966450e-01	8.739103e-03	-1.481339e-01	
2.370000e-09	5.800000e-09	1.700000e-08	3.308967e-01	2.605265e-02	-1.501615e-01	
2.370000e-09	5.800000e-09	1.700000e-08	3.155607e-01	2.605013e-02	-1.287819e-01	
2.370000e-09	5.800000e-09	1.700000e-08	3.262813e-01	2.606026e-02	-1.344424e-01	
2.700000e-09	5.100000e-09	1.800000e-08	-3.910073e-01	8.830400e-03	-1.472617e-01	
2.700000e-09	5.100000e-09	1.800000e-08	-4.007279e-01	8.853152e-03	-1.532737e-01	
2.700000e-09	5.100000e-09	1.800000e-08	-3.937506e-01	8.723499e-03	-1.485607e-01	
2.370000e-09	5.800000e-09	1.700000e-08	3.405773e-01	2.604427e-02	-1.463294e-01	
2.370000e-09	5.800000e-09	1.700000e-08	3.333307e-01	2.604623e-02	-1.717609e-01	
2.370000e-09	5.800000e-09	1.700000e-08	3.293524e-01	2.603965e-02	-1.978538e-01	
2.700000e-09	5.100000e-09	1.800000e-08	-3.882686e-01	8.795827e-03	-1.511159e-01	
2.700000e-09	5.100000e-09	1.800000e-08	-4.028654e-01	8.812904e-03	-1.495964e-01	
2.700000e-09	5.100000e-09	1.800000e-08	-4.201041e-01	8.813455e-03	-1.491430e-01	
2.370000e-09	5.800000e-09	1.700000e-08	3.500592e-01	2.605817e-02	-1.623238e-01	
2.370000e-09	5.800000e-09	1.700000e-08	3.322506e-01	2.606134e-02	-1.733850e-01	
2.370000e-09	5.800000e-09	1.700000e-08	3.363778e-01	2.603497e-02	-1.474177e-01	
2.700000e-09	5.100000e-09	1.800000e-08	-4.129124e-01	8.835801e-03	-1.482077e-01	
2.700000e-09	5.100000e-09	1.800000e-08	-4.068214e-01	8.792368e-03	-1.525895e-01	
2.700000e-09	5.100000e-09	1.800000e-08	-4.068020e-01	8.753340e-03	-1.501617e-01	
2.370000e-09	5.800000e-09	1.700000e-08	3.528826e-01	2.605237e-02	-1.476141e-01	
2.370000e-09	5.800000e-09	1.700000e-08	3.498914e-01	2.605507e-02	-1.633185e-01	
2.370000e-09	5.800000e-09	1.700000e-08	3.399103e-01	2.605057e-02	-1.337857e-01	
2.700000e-09	5.100000e-09	1.800000e-08	-4.089609e-01	8.808292e-03	-1.514758e-01	
2.700000e-09	5.100000e-09	1.800000e-08	-4.117518e-01	8.808079e-03	-1.503754e-01	
2.700000e-09	5.100000e-09	1.800000e-08	-4.075722e-01	8.820996e-03	-1.476290e-01	
2.370000e-09	5.800000e-09	1.700000e-08	3.256040e-01	2.605377e-02	-1.672774e-01	
2.370000e-09	5.800000e-09	1.700000e-08	3.342230e-01	2.604950e-02	-1.555958e-01	
2.370000e-09	5.800000e-09	1.700000e-08	3.248871e-01	2.605414e-02	-1.469096e-01	
2.700000e-09	5.100000e-09	1.800000e-08	-4.002330e-01	8.777011e-03	-1.510254e-01	
2.700000e-09	5.100000e-09	1.800000e-08	-3.990733e-01	8.759467e-03	-1.506833e-01	
2.700000e-09	5.100000e-09	1.800000e-08	-3.834524e-01	8.837877e-03	-1.485633e-01	
2.370000e-09	5.800000e-09	1.700000e-08	3.393261e-01	2.604764e-02	-1.614589e-01	
2.370000e-09	5.800000e-09	1.700000e-08	3.217139e-01	2.605002e-02	-1.237408e-01	
2.370000e-09	5.800000e-09	1.700000e-08	3.225304e-01	2.604549e-02	-1.191086e-01	
2.700000e-09	5.100000e-09	1.800000e-08	-3.936823e-01	8.799315e-03	-1.499087e-01	
2.700000e-09	5.100000e-09	1.800000e-08	-4.015141e-01	8.744057e-03	-1.499786e-01	
2.700000e-09	5.100000e-09	1.800000e-08	-4.105711e-01	8.778643e-03	-1.464265e-01	
2.370000e-09	5.800000e-09	1.700000e-08	3.172039e-01	2.604921e-02	-1.510618e-01	
2.370000e-09	5.800000e-09	1.700000e-08	3.404320e-01	2.605019e-02	-1.592310e-01	
2.370000e-09	5.800000e-09	1.700000e-08	3.294321e-01	2.604883e-02	-1.602460e-01	
2.700000e-09	5.100000e-09	1.800000e-08	-3.932274e-01	8.834694e-03	-1.502748e-01	
2.700000e-09	5.100000e-09	1.800000e-08	-4.086591e-01	8.796152e-03	-1.513664e-01	
2.700000e-09	5.100000e-09	1.800000e-08	-4.252948e-01	8.824313e-03	-1.484902e-01	
2.370000e-09	5.800000e-09	1.700000e-08	3.587915e-01	2.605322e-02	-1.404479e-01	
2.370000e-09	5.800000e-09	1.700000e-08	3.418740e-01	2.604437e-02	-1.604268e-01	
2.370000e-09	5.800000e-09	1.700000e-08	3.380252e-01	2.605614e-02	-1.479561e-01	
2.700000e-09	5.100000e-09	1.800000e-08	-3.746592e-01	8.812239e-03	-1.482566e-01	
2.700000e-09	5.100000e-09	1.800000e-08	-3.728187e-01	8.746948e-03	-1.527271e-01	
2.700000e-09	5.100000e-09	1.800000e-08	-3.885410e-01	8.815109e-03	-1.503665e-01	
2.370000e-09	5.800000e-09	1.700000e-08	3.521114e-01	2.604989e-02	-1.750480e-01	
2.370000e-09	5.800000e-09	1.700000e-08	3.321288e-01	2.605613e-02	-1.523363e-01	
2.370000e-09	5.800000e-09	1.700000e-08	3.226615e-01	2.605287e-02	-1.487808e-01	
2.700000e-09	5.100000e-09	1.800000e-08	-3.985621e-01	8.799466e-03	-1.515170e-01	
2.700000e-09	5.100000e-09	1.800000e-08	-3.689903e-01	8.825097e-03	-1.460256e-01	
2.700000e-09	5.100000e-09	1.800000e-08	-4.068345e-01	8.881578e-03	-1.445842e-01	
2.370000e-09	5.800000e-09	1.700000e-08	3.318712e-01	2.604292e-02	-1.563538e-01	
2.370000e-09	5.800000e-09	1.700000e-08	3.318737e-01	2.605247e-02	-1.488028e-01	
2.370000e-09	5.800000e-09	1.700000e-08	3.265834e-01	2.605409e-02	-1.520274e-01	
2.700000e-09	5.100000e-09	1.800000e-08	-3.942124e-01	8.852756e-03	-1.491826e-01	
2.700000e-09	5.100000e-09	1.800000e-08	-4.079822e-01	8.845872e-03	-1.507327e-01	
2.700000e-09	5.100000e-09	1.800000e-08	-4.091402e-01	8.766291e-03	-1.448228e-01	
2.370000e-09	5.800000e-09	1.700000e-08	3.435712e-01	2.603998e-02	-1.713887e-01	
2.370000e-09	5.800000e-09	1.700000e-08	3.270040e-01	2.603955e-02	-1.595644e-01	
2.370000e-09	5.800000e-09	1.700000e-08	3.179986e-01	2.605225e-02	-1.632045e-01	
2.700000e-09	5.100000e-09	1.800000e-08	-4.063341e-01	8.789829e-03	-1.490035e-01	
2.700000e-09	5.100000e-09	1.800000e-08	-4.059686e-01	8.769092e-03	-1.525750e-01	
2.700000e-09	5.100000e-09	1.800000e-08	-3.937991e-01	8.855115e-03	-1.510657e-01	
2.370000e-09	5.800000e-09	1.700000e-08	3.329526e-01	2.604399e-02	-1.436126e-01	
2.370000e-09	5.800000e-09	1.700000e-08	3.175124e-01	2.604726e-02	-1.549780e-01	
2.370000e-09	5.800000e-09	1.700000e-08	3.250420e-01	2.605091e-02	-1.721620e-01	
2.700000e-09	5.100000e-09	1.800000e-08	-4.173856e-01	8.717407e-03	-1.481045e-01	
2.700000e-09	5.100000e-09	1.800000e-08	-4.058644e-01	8.796721e-03	-1.528768e-01	
2.700000e-09	5.100000e-09	1.800000e-08	-4.164505e-01	8.767400e-03	-1.522738e-01	
2.370000e-09	5.800000e-09	1.700000e-08	3.536957e-01	2.605184e-02	-1.575177e-01	
2.370000e-09	5.800000e-09	1.700000e-08	3.098665e-01	2.604995e-02	-1.812071e-01	
2.370000e-09	5.800000e-09	1.700000e-08	3.229199e-01	2.604885e-02	-1.619298e-01	
2.700000e-09	5.100000e-09	1.800000e-08	-3.976606e-01	8.769056e-03	-1.471609e-01	
2.700000e-09	5.100000e-09	1.800000e-08	-3.918766e-01	8.732474e-03	-1.494416e-01	
2.700000e-09	5.100000e-09	1.800000e-08	-4.037332e-01	8.858955e-03	-1.487298e-01	
2.370000e-09	5.800000e-09	1.700000e-08	3.344229e-01	2.605646e-02	-1.565447e-01	
2.370000e-09	5.800000e-09	1.700000e-08	3.155134e-01	2.605062e-02	-1.454972e-01	
2.370000e-09	5.800000e-09	1.700000e-08	3.218247e-01	2.605199e-02	-1.467022e-01	
2.700000e-09	5.100000e-09	1.800000e-08	-3.784219e-01	8.751089e-03	-1.473212e-01	
2.700000e-09	5.100000e-09	1.800000e-08	-4.185470e-01	8.867645e-03	-1.449862e-01	
2.700000e-09	5.100000e-09	1.800000e-08	-3.960250e-01	8.838290e-03	-1.497767e-01	
2.370000e-09	5.800000e-09	1.700000e-08	3.306475e-01	2.605916e-02	-1.487265e-01	
2.370000e-09	5.800000e-09	1.700000e-08	3.461697e-01	2.604712e-02	-1.585289e-01	
2.370000e-09	5.800000e-09	1.700000e-08	3.331717e-01	2.604292e-02	-1.709839e-01	
2.700000e-09	5.100000e-09	1.800000e-08	-4.124763e-01	8.801844e-03	-1.502772e-01	
2.700000e-09	5.100000e-09	1.800000e-08	-4.009670e-01	8.873523e-03	-1.529740e-01	
2.700000e-09	5.100000e-09	1.800000e-08	-4.003314e-01	8.858506e-03	-1.528648e-01	
2.370000e-09	5.800000e-09	1.700000e-08	3.243393e-01	2.605775e-02	-1.547097e-01	
2.370000e-09	5.800000e-09	1.700000e-08	3.310491e-01	2.605020e-02	-1.509593e-01	
2.370000e-09	5.800000e-09	1.700000e-08	3.319966e-01	2.604249e-02	-1.385914e-01	
2.700000e-09	5.100000e-09	1.800000e-08	-3.891029e-01	8.701474e-03	-1.506823e-01	
2.700000e-09	5.100000e-09	1.800000e-08	-4.013388e-01	8.840609e-03	-1.479671e-01	
2.700000e-09	5.100000e-09	1.800000e-08	-4.032381e-01	8.789465e-03	-1.513582e-01	
2.370000e-09	5.800000e-09	1.700000e-08	3.522331e-01	2.605727e-02	-1.470165e-01	
2.370000e-09	5.800000e-09	1.700000e-08	3.389379e-01	2.604526e-02	-1.432874e-01	
2.370000e-09	5.800000e-09	1.700000e-08	3.331875e-01	2.604586e-02	-1.601801e-01	
2.700000e-09	5.100000e-09	1.800000e-08	-3.843169e-01	8.796981e-03	-1.495835e-01	
2.700000e-09	5.100000e-09	1.800000e-08	-3.939462e-01	8.766001e-03	-1.501943e-01	
2.700000e-09	5.100000e-09	1.800000e-08	-4.026064e-01	8.811830e-03	-1.466092e-01	
2.370000e-09	5.800000e-09	1.700000e-08	3.188063e-01	2.605287e-02	-1.625784e-01	
2.370000e-09	5.800000e-09	1.700000e-08	3.136724e-01	2.605742e-02	-1.595840e-01	
2.370000e-09	5.800000e-09	1.700000e-08	3.461487e-01	2.604068e-02	-1.547730e-01	
2.700000e-09	5.100000e-09	1.800000e-08	-3.914718e-01	8.843601e-03	-1.460569e-01	
2.700000e-09	5.100000e-09	1.800000e-08	-3.861173e-01	8.824817e-03	-1.491256e-01	
2.700000e-09	5.100000e-09	1.800000e-08	-4.430675e-01	8.812493e-03	-1.477060e-01	
2.370000e-09	5.800000e-09	1.700000e-08	3.642681e-01	2.603862e-02	-1.307664e-01	
2.370000e-09	5.800000e-09	1.700000e-08	3.253809e-01	2.605656e-02	-1.507279e-01	
2.370000e-09	5.800000e-09	1.700000e-08	3.318636e-01	2.605267e-02	-1.589066e-01	
2.700000e-09	5.100000e-09	1.800000e-08	-3.939922e-01	8.779078e-03	-1.492952e-01	
2.700000e-09	5.100000e-09	1.800000e-08	-4.155972e-01	8.842691e-03	-1.481723e-01	
2.700000e-09	5.100000e-09	1.800000e-08	-3.814819e-01	8.784629e-03	-1.527882e-01	
2.370000e-09	5.800000e-09	1.700000e-08	3.391429e-01	2.605129e-02	-1.350348e-01	
2.370000e-09	5.800000e-09	1.700000e-08	3.341853e-01	2.605146e-02	-1.464889e-01	
2.370000e-09	5.800000e-09	1.700000e-08	3.423277e-01	2.604039e-02	-1.567268e-01	
2.700000e-09	5.100000e-09	1.800000e-08	-3.847610e-01	8.754199e-03	-1.496850e-01	
2.700000e-09	5.100000e-09	1.800000e-08	-3.970473e-01	8.854013e-03	-1.518714e-01	
2.700000e-09	5.100000e-09	1.800000e-08	-3.908785e-01	8.835975e-03	-1.511971e-01	
2.370000e-09	5.800000e-09	1.700000e-08	3.562915e-01	2.605975e-02	-1.219024e-01	
2.370000e-09	5.800000e-09	1.700000e-08	3.432331e-01	2.605398e-02	-1.447447e-01	
2.370000e-09	5.800000e-09	1.700000e-08	3.159681e-01	2.604410e-02	-1.411292e-01	
2.700000e-09	5.100000e-09	1.800000e-08	-3.812533e-01	8.793863e-03	-1.512281e-01	
2.700000e-09	5.100000e-09	1.800000e-08	-3.986939e-01	8.754077e-03	-1.512736e-01	
2.700000e-09	5.100000e-09	1.800000e-08	-3.913080e-01	8.849921e-03	-1.484382e-01	
2.370000e-09	5.800000e-09	1.700000e-08	3.192261e-01	2.605924e-02	-1.928743e-01	
2.370000e-09	5.800000e-09	1.700000e-08	3.368566e-01	2.604888e-02	-1.514240e-01	
2.370000e-09	5.800000e-09	1.700000e-08	3.363335e-01	2.604815e-02	-1.394056e-01	
2.700000e-09	5.100000e-09	1.800000e-08	-4.051048e-01	8.793113e-03	-1.498250e-01	
2.700000e-09	5.100000e-09	1.800000e-08	-4.029820e-01	8.682818e-03	-1.472455e-01	
2.700000e-09	5.100000e-09	1.800000e-08	-3.931848e-01	8.827764e-03	-1.501288e-01	
2.370000e-09	5.800000e-09	1.700000e-08	3.289743e-01	2.604826e-02	-1.190063e-01	
2.370000e-09	5.800000e-09	1.700000e-08	3.309809e-01	2.604682e-02	-1.734958e-01	
2.370000e-09	5.800000e-09	1.700000e-08	3.096564e-01	2.605381e-02	-1.777946e-01	
2.700000e-09	5.100000e-09	1.800000e-08	-4.002566e-01	8.749780e-03	-1.524596e-01	
2.700000e-09	5.100000e-09	1.800000e-08	-3.891342e-01	8.801545e-03	-1.492787e-01	
2.700000e-09	5.100000e-09	1.800000e-08	-3.997055e-01	8.847041e-03	-1.493246e-01	
2.370000e-09	5.800000e-09	1.700000e-08	3.231655e-01	2.605687e-02	-1.372157e-01	
2.370000e-09	5.800000e-09	1.700000e-08	3.299691e-01	2.605784e-02	-1.535595e-01	
2.370000e-09	5.800000e-09	1.700000e-08	3.338789e-01	2.605694e-02	-1.402753e-01	
2.700000e-09	5.100000e-09	1.800000e-08	-4.097275e-01	8.898899e-03	-1.497741e-01	
2.700000e-09	5.100000e-09	1.800000e-08	-4.185780e-01	8.799661e-03	-1.529587e-01	
2.700000e-09	5.100000e-09	1.800000e-08	-3.997852e-01	8.863087e-03	-1.490551e-01	
2.370000e-09	5.800000e-09	1.700000e-08	3.390536e-01	2.605952e-02	-1.514918e-01	
2.370000e-09	5.800000e-09	1.700000e-08	3.246083e-01	2.604555e-02	-1.430228e-01	
2.370000e-09	5.800000e-09	1.700000e-08	3.247467e-01	2.605019e-02	-1.394103e-01	
2.700000e-09	5.100000e-09	1.800000e-08	-3.991192e-01	8.810241e-03	-1.484932e-01	
2.700000e-09	5.100000e-09	1.800000e-08	-4.141269e-01	8.913382e-03	-1.500901e-01	
2.700000e-09	5.100000e-09	1.800000e-08	-4.000090e-01	8.856595e-03	-1.519565e-01	
2.370000e-09	5.800000e-09	1.700000e-08	3.332841e-01	2.603935e-02	-1.625857e-01	
2.370000e-09	5.800000e-09	1.700000e-08	3.408529e-01	2.605302e-02	-1.465225e-01	
2.370000e-09	5.800000e-09	1.700000e-08	3.063816e-01	2.605048e-02	-1.498411e-01	
2.700000e-09	5.100000e-09	1.800000e-08	-4.035454e-01	8.785899e-03	-1.529789e-01	
2.700000e-09	5.100000e-09	1.800000e-08	-3.845626e-01	8.835665e-03	-1.500662e-01	
2.700000e-09	5.100000e-09	1.800000e-08	-3.986268e-01	8.772829e-03	-1.510749e-01	
2.370000e-09	5.800000e-09	1.700000e-08	3.275473e-01	2.604755e-02	-1.621411e-01	
2.370000e-09	5.800000e-09	1.700000e-08	3.362426e-01	2.604669e-02	-1.545412e-01	
2.370000e-09	5.800000e-09	1.700000e-08	3.152791e-01	2.604704e-02	-1.743710e-01	
2.700000e-09	5.100000e-09	1.800000e-08	-3.940761e-01	8.778368e-03	-1.471469e-01	
2.700000e-09	5.100000e-09	1.800000e-08	-3.825931e-01	8.775423e-03	-1.477175e-01	
2.700000e-09	5.100000e-09	1.800000e-08	-4.016538e-01	8.788917e-03	-1.489030e-01	
2.370000e-09	5.800000e-09	1.700000e-08	3.324914e-01	2.604897e-02	-1.431218e-01	
2.370000e-09	5.800000e-09	1.700000e-08	3.374902e-01	2.605340e-02	-1.439018e-01	
2.370000e-09	5.800000e-09	1.700000e-08	3.415048e-01	2.604939e-02	-1.495892e-01	
2.700000e-09	5.100000e-09	1.800000e-08	-3.955448e-01	8.847283e-03	-1.493840e-01	
2.700000e-09	5.100000e-09	1.800000e-08	-3.862528e-01	8.783151e-03	-1.508547e-01	
2.700000e-09	5.100000e-09	1.800000e-08	-4.014687e-01	8.812147e-03	-1.476683e-01	
2.370000e-09	5.800000e-09	1.700000e-08	3.717244e-01	2.603976e-02	-1.423215e-01	
2.370000e-09	5.800000e-09	1.700000e-08	3.183623e-01	2.605104e-02	-1.491435e-01	
2.370000e-09	5.800000e-09	1.700000e-08	3.210226e-01	2.604896e-02	-1.423000e-01	
2.700000e-09	5.100000e-09	1.800000e-08	-3.910778e-01	8.759203e-03	-1.507832e-01	
2.700000e-09	5.100000e-09	1.800000e-08	-3.972264e-01	8.753891e-03	-1.533060e-01	
2.700000e-09	5.100000e-09	1.800000e-08	-4.161763e-01	8.780623e-03	-1.495981e-01	
2.370000e-09	5.800000e-09	1.700000e-08	3.153704e-01	2.605293e-02	-1.556853e-01	
2.370000e-09	5.800000e-09	1.700000e-08	3.218672e-01	2.604534e-02	-1.434471e-01	
2.370000e-09	5.800000e-09	1.700000e-08	3.131504e-01	2.604326e-02	-1.488499e-01	
2.700000e-09	5.100000e-09	1.800000e-08	-3.781518e-01	8.853725e-03	-1.535126e-01	
2.700000e-09	5.100000e-09	1.800000e-08	-4.056224e-01	8.818476e-03	-1.503386e-01	
2.700000e-09	5.100000e-09	1.800000e-08	-4.001138e-01	8.877872e-03	-1.516539e-01	
2.370000e-09	5.800000e-09	1.700000e-08	3.269047e-01	2.604992e-02	-1.534471e-01	
2.370000e-09	5.800000e-09	1.700000e-08	3.386606e-01	2.606180e-02	-1.513281e-01	
2.370000e-09	5.800000e-09	1.700000e-08	3.215386e-01	2.603969e-02	-1.569681e-01	
2.700000e-09	5.100000e-09	1.800000e-08	-3.940892e-01	8.835882e-03	-1.513005e-01	
2.700000e-09	5.100000e-09	1.800000e-08	-4.181714e-01	8.839106e-03	-1.484620e-01	
2.700000e-09	5.100000e-09	1.800000e-08	-3.972179e-01	8.721108e-03	-1.526396e-01	
2.370000e-09	5.800000e-09	1.700000e-08	3.345732e-01	2.603732e-02	-1.553531e-01	
2.370000e-09	5.800000e-09	1.700000e-08	3.450283e-01	2.605649e-02	-1.767083e-01	
2.370000e-09	5.800000e-09	1.700000e-08	3.356476e-01	2.605381e-02	-1.870544e-01	
2.700000e-09	5.100000e-09	1.800000e-08	-3.843566e-01	8.783452e-03	-1.525073e-01	
2.700000e-09	5.100000e-09	1.800000e-08	-3.984365e-01	8.828559e-03	-1.474923e-01	
2.700000e-09	5.100000e-09	1.800000e-08	-4.091927e-01	8.823168e-03	-1.478706e-01	
2.370000e-09	5.800000e-09	1.700000e-08	3.049247e-01	2.605340e-02	-1.801836e-01	
2.370000e-09	5.800000e-09	1.700000e-08	3.358743e-01	2.604631e-02	-1.375799e-01	
2.370000e-09	5.800000e-09	1.700000e-08	3.237857e-01	2.603943e-02	-1.627651e-01	
2.700000e-09	5.100000e-09	1.800000e-08	-3.840307e-01	8.771187e-03	-1.492484e-01	
2.700000e-09	5.100000e-09	1.800000e-08	-4.037529e-01	8.804693e-03	-1.527531e-01	
2.700000e-09	5.100000e-09	1.800000e-08	-3.939771e-01	8.860480e-03	-1.507178e-01	
2.370000e-09	5.800000e-09	1.700000e-08	3.135779e-01	2.604698e-02	-1.567099e-01	
2.370000e-09	5.800000e-09	1.700000e-08	3.360023e-01	2.605727e-02	-1.287587e-01	
2.370000e-09	5.800000e-09	1.700000e-08	3.304223e-01	2.604637e-02	-1.638999e-01	
2.700000e-09	5.100000e-09	1.800000e-08	-3.914476e-01	8.849890e-03	-1.507907e-01	
2.700000e-09	5.100000e-09	1.800000e-08	-3.932304e-01	8.844838e-03	-1.476546e-01	
2.700000e-09	5.100000e-09	1.800000e-08	-4.103253e-01	8.789085e-03	-1.501972e-01	
2.370000e-09	5.800000e-09	1.700000e-08	3.462720e-01	2.606453e-02	-1.439622e-01	
2.370000e-09	5.800000e-09	1.700000e-08	3.148391e-01	2.605460e-02	-1.781614e-01	
2.370000e-09	5.800000e-09	1.700000e-08	3.266793e-01	2.605250e-02	-1.684801e-01	
2.700000e-09	5.100000e-09	1.800000e-08	-4.179666e-01	8.790631e-03	-1.510676e-01	
2.700000e-09	5.100000e-09	1.800000e-08	-4.017627e-01	8.838102e-03	-1.494982e-01	
2.700000e-09	5.100000e-09	1.800000e-08	-3.979870e-01	8.777227e-03	-1.487747e-01	
2.370000e-09	5.800000e-09	1.700000e-08	3.236245e-01	2.605175e-02	-1.567783e-01	
2.370000e-09	5.800000e-09	1.700000e-08	3.297065e-01	2.605092e-02	-1.698801e-01	
2.370000e-09	5.800000e-09	1.700000e-08	3.042559e-01	2.604916e-02	-1.710022e-01	
2.700000e-09	5.100000e-09	1.800000e-08	-4.141913e-01	8.826313e-03	-1.475420e-01	
2.700000e-09	5.100000e-09	1.800000e-08	-4.109505e-01	8.768688e-03	-1.485920e-01	
2.700000e-09	5.100000e-09	1.800000e-08	-3.813649e-01	8.686698e-03	-1.480250e-01	
2.370000e-09	5.800000e-09	1.700000e-08	3.432436e-01	2.604437e-02	-1.440316e-01	
2.370000e-09	5.800000e-09	1.700000e-08	3.228975e-01	2.605240e-02	-1.419247e-01	
2.370000e-09	5.800000e-09	1.700000e-08	3.247401e-01	2.605518e-02	-1.534415e-01	
2.700000e-09	5.100000e-09	1.800000e-08	-3.677716e-01	8.828933e-03	-1.511138e-01	
2.700000e-09	5.100000e-09	1.800000e-08	-4.055875e-01	8.808974e-03	-1.480257e-01	
2.700000e-09	5.100000e-09	1.800000e-08	-3.995918e-01	8.858691e-03	-1.495544e-01	
2.370000e-09	5.800000e-09	1.700000e-08	3.310057e-01	2.604675e-02	-1.689890e-01	
2.370000e-09	5.800000e-09	1.700000e-08	3.183399e-01	2.604734e-02	-1.626690e-01	
2.370000e-09	5.800000e-09	1.700000e-08	3.309682e-01	2.604758e-02	-1.603050e-01	
2.700000e-09	5.100000e-09	1.800000e-08	-4.079488e-01	8.802063e-03	-1.469649e-01	
2.700000e-09	5.100000e-09	1.800000e-08	-4.091911e-01	8.842919e-03	-1.496801e-01	
2.700000e-09	5.100000e-09	1.800000e-08	-4.000748e-01	8.698537e-03	-1.484578e-01	
2.370000e-09	5.800000e-09	1.700000e-08	3.436762e-01	2.604224e-02	-1.614616e-01	
2.370000e-09	5.800000e-09	1.700000e-08	3.394142e-01	2.605491e-02	-1.578667e-01	
2.370000e-09	5.800000e-09	1.700000e-08	3.296167e-01	2.604156e-02	-1.586472e-01	
2.700000e-09	5.100000e-09	1.800000e-08	-3.947171e-01	8.812433e-03	-1.501933e-01	
2.700000e-09	5.100000e-09	1.800000e-08	-3.948154e-01	8.762678e-03	-1.471716e-01	
2.700000e-09	5.100000e-09	1.800000e-08	-3.921973e-01	8.851060e-03	-1.504819e-01	
2.370000e-09	5.800000e-09	1.700000e-08	3.332635e-01	2.604733e-02	-1.282812e-01	
2.370000e-09	5.800000e-09	1.700000e-08	3.327210e-01	2.605305e-02	-1.566880e-01	
2.370000e-09	5.800000e-09	1.700000e-08	3.247315e-01	2.605651e-02	-1.542219e-01	
2.700000e-09	5.100000e-09	1.800000e-08	-3.811624e-01	8.881132e-03	-1.509326e-01	
2.700000e-09	5.100000e-09	1.800000e-08	-4.037652e-01	8.759956e-03	-1.492863e-01	
2.700000e-09	5.100000e-09	1.800000e-08	-3.927048e-01	8.857051e-03	-1.503117e-01	
2.370000e-09	5.800000e-09	1.700000e-08	3.329950e-01	2.605153e-02	-1.497587e-01	
2.370000e-09	5.800000e-09	1.700000e-08	3.453439e-01	2.604383e-02	-1.529101e-01	
2.370000e-09	5.800000e-09	1.700000e-08	3.418447e-01	2.604523e-02	-1.784506e-01	
2.700000e-09	5.100000e-09	1.800000e-08	-4.042161e-01	8.848136e-03	-1.500029e-01	
2.700000e-09	5.100000e-09	1.800000e-08	-4.038265e-01	8.854204e-03	-1.486131e-01	
2.700000e-09	5.100000e-09	1.800000e-08	-4.181945e-01	8.770074e-03	-1.509856e-01	
2.370000e-09	5.800000e-09	1.700000e-08	3.297663e-01	2.605105e-02	-1.606782e-01	
2.370000e-09	5.800000e-09	1.700000e-08	3.179921e-01	2.605272e-02	-1.581023e-01	
2.370000e-09	5.800000e-09	1.700000e-08	3.141593e-01	2.604853e-02	-1.494605e-01	
2.700000e-09	5.100000e-09	1.800000e-08	-3.880189e-01	8.844779e-03	-1.510106e-01	
2.700000e-09	5.100000e-09	1.800000e-08	-3.918480e-01	8.847051e-03	-1.521098e-01	
2.700000e-09	5.100000e-09	1.800000e-08	-4.024579e-01	8.786117e-03	-1.508787e-01	
2.370000e-09	5.800000e-09	1.700000e-08	3.555422e-01	2.605578e-02	-1.900966e-01	
2.370000e-09	5.800000e-09	1.700000e-08	3.201921e-01	2.605086e-02	-1.341156e-01	
2.370000e-09	5.800000e-09	1.700000e-08	3.263265e-01	2.604776e-02	-1.487649e-01	
2.700000e-09	5.100000e-09	1.800000e-08	-3.858373e-01	8.785752e-03	-1.493972e-01	
2.700000e-09	5.100000e-09	1.800000e-08	-3.988619e-01	8.774064e-03	-1.513593e-01	
2.700000e-09	5.100000e-09	1.800000e-08	-4.023606e-01	8.844401e-03	-1.502573e-01	
2.370000e-09	5.800000e-09	1.700000e-08	3.503480e-01	2.604736e-02	-1.635129e-01	
2.370000e-09	5.800000e-09	1.700000e-08	3.124525e-01	2.604785e-02	-1.686361e-01	
2.370000e-09	5.800000e-09	1.700000e-08	3.398719e-01	2.604706e-02	-1.334935e-01	
2.700000e-09	5.100000e-09	1.800000e-08	-4.093658e-01	8.792463e-03	-1.493734e-01	
2.700000e-09	5.100000e-09	1.800000e-08	-4.081235e-01	8.834506e-03	-1.501351e-01	
2.700000e-09	5.100000e-09	1.800000e-08	-3.922694e-01	8.784752e-03	-1.505259e-01	
2.370000e-09	5.800000e-09	1.700000e-08	3.455261e-01	2.606043e-02	-1.617789e-01	
2.370000e-09	5.800000e-09	1.700000e-08	3.398623e-01	2.605210e-02	-1.491185e-01	
2.370000e-09	5.800000e-09	1.700000e-08	3.194212e-01	2.605691e-02	-1.314045e-01	
2.700000e-09	5.100000e-09	1.800000e-08	-3.868840e-01	8.784110e-03	-1.478279e-01	
2.700000e-09	5.100000e-09	1.800000e-08	-3.988760e-01	8.788922e-03	-1.468455e-01	
2.700000e-09	5.100000e-09	1.800000e-08	-4.088520e-01	8.794563e-03	-1.501593e-01	
2.370000e-09	5.800000e-09	1.700000e-08	3.460606e-01	2.604672e-02	-1.459784e-01	
2.370000e-09	5.800000e-09	1.700000e-08	3.171038e-01	2.604704e-02	-1.564751e-01	
2.370000e-09	5.800000e-09	1.700000e-08	3.365121e-01	2.605413e-02	-1.481584e-01	
2.700000e-09	5.100000e-09	1.800000e-08	-3.991757e-01	8.717632e-03	-1.491348e-01	
2.700000e-09	5.100000e-09	1.800000e-08	-4.059071e-01	8.860601e-03	-1.530473e-01	
2.700000e-09	5.100000e-09	1.800000e-08	-3.885734e-01	8.806724e-03	-1.511721e-01	
2.370000e-09	5.800000e-09	1.700000e-08	3.249192e-01	2.604812e-02	-1.292115e-01	
2.370000e-09	5.800000e-09	1.700000e-08	3.189710e-01	2.605063e-02	-1.392227e-01	
2.370000e-09	5.800000e-09	1.700000e-08	3.267377e-01	2.605712e-02	-1.652519e-01	
2.700000e-09	5.100000e-09	1.800000e-08	-4.049463e-01	8.832615e-03	-1.493875e-01	
2.700000e-09	5.100000e-09	1.800000e-08	-4.028654e-01	8.786866e-03	-1.503591e-01	
2.700000e-09	5.100000e-09	1.800000e-08	-4.104404e-01	8.736863e-03	-1.457858e-01	
2.370000e-09	5.800000e-09	1.700000e-08	3.459256e-01	2.604826e-02	-1.599042e-01	
2.370000e-09	5.800000e-09	1.700000e-08	3.141128e-01	2.605266e-02	-1.469863e-01	
2.370000e-09	5.800000e-09	1.700000e-08	3.199425e-01	2.604333e-02	-1.398558e-01	
2.700000e-09	5.100000e-09	1.800000e-08	-3.880456e-01	8.855358e-03	-1.465158e-01	
2.700000e-09	5.100000e-09	1.800000e-08	-4.005210e-01	8.749310e-03	-1.476343e-01	
2.700000e-09	5.100000e-09	1.800000e-08	-4.102891e-01	8.823467e-03	-1.494104e-01	
2.370000e-09	5.800000e-09	1.700000e-08	3.544761e-01	2.605105e-02	-1.778545e-01	
2.370000e-09	5.800000e-09	1.700000e-08	3.557094e-01	2.605255e-02	-1.605192e-01	
2.370000e-09	5.800000e-09	1.700000e-08	3.403965e-01	2.604948e-02	-1.575028e-01	
2.700000e-09	5.100000e-09	1.800000e-08	-3.908699e-01	8.755296e-03	-1.502671e-01	
2.700000e-09	5.100000e-09	1.800000e-08	-3.897608e-01	8.870237e-03	-1.534568e-01	
2.700000e-09	5.100000e-09	1.800000e-08	-3.813768e-01	8.788244e-03	-1.518103e-01	
2.370000e-09	5.800000e-09	1.700000e-08	3.496104e-01	2.605158e-02	-1.403555e-01	
2.370000e-09	5.800000e-09	1.700000e-08	3.452437e-01	2.605085e-02	-1.663676e-01	
2.370000e-09	5.800000e-09	1.700000e-08	3.316575e-01	2.604130e-02	-1.509655e-01	
2.700000e-09	5.100000e-09	1.800000e-08	-3.914245e-01	8.812644e-03	-1.491502e-01	
2.700000e-09	5.100000e-09	1.800000e-08	-4.005247e-01	8.821608e-03	-1.477046e-01	
2.700000e-09	5.100000e-09	1.800000e-08	-3.957726e-01	8.796280e-03	-1.481453e-01	
2.370000e-09	5.800000e-09	1.700000e-08	3.282446e-01	2.604940e-02	-1.611590e-01	
2.370000e-09	5.800000e-09	1.700000e-08	3.376045e-01	2.605009e-02	-1.510889e-01	
2.370000e-09	5.800000e-09	1.700000e-08	3.235659e-01	2.604645e-02	-1.430647e-01	
2.700000e-09	5.100000e-09	1.800000e-08	-3.936053e-01	8.830348e-03	-1.485181e-01	
2.700000e-09	5.100000e-09	1.800000e-08	-4.035304e-01	8.803389e-03	-1.493498e-01	
2.700000e-09	5.100000e-09	1.800000e-08	-3.929811e-01	8.813469e-03	-1.500020e-01	
2.370000e-09	5.800000e-09	1.700000e-08	3.218520e-01	2.604521e-02	-1.469814e-01	
2.370000e-09	5.800000e-09	1.700000e-08	3.342713e-01	2.605497e-02	-1.871439e-01	
2.370000e-09	5.800000e-09	1.700000e-08	3.412153e-01	2.605871e-02	-1.616804e-01	
2.700000e-09	5.100000e-09	1.800000e-08	-3.814291e-01	8.848791e-03	-1.501720e-01	
2.700000e-09	5.100000e-09	1.800000e-08	-4.196021e-01	8.829912e-03	-1.512028e-01	
2.700000e-09	5.100000e-09	1.800000e-08	-4.060123e-01	8.796000e-03	-1.498705e-01	
2.370000e-09	5.800000e-09	1.700000e-08	3.372745e-01	2.605687e-02	-1.584464e-01	
2.370000e-09	5.800000e-09	1.700000e-08	3.340800e-01	2.605598e-02	-1.387550e-01	
2.370000e-09	5.800000e-09	1.700000e-08	3.207544e-01	2.605232e-02	-1.537878e-01	
2.700000e-09	5.100000e-09	1.800000e-08	-4.088955e-01	8.854399e-03	-1.507542e-01	
2.700000e-09	5.100000e-09	1.800000e-08	-4.010948e-01	8.759564e-03	-1.495659e-01	
2.700000e-09	5.100000e-09	1.800000e-08	-3.950794e-01	8.772886e-03	-1.526031e-01	
2.370000e-09	5.800000e-09	1.700000e-08	3.268135e-01	2.603878e-02	-1.462316e-01	
2.370000e-09	5.800000e-09	1.700000e-08	3.379466e-01	2.605523e-02	-1.793358e-01	
2.370000e-09	5.800000e-09	1.700000e-08	3.310258e-01	2.604832e-02	-1.559636e-01	
2.700000e-09	5.100000e-09	1.800000e-08	-3.853538e-01	8.808427e-03	-1.495643e-01	
2.700000e-09	5.100000e-09	1.800000e-08	-3.989032e-01	8.783826e-03	-1.476145e-01	
2.700000e-09	5.100000e-09	1.800000e-08	-4.066002e-01	8.814747e-03	-1.493985e-01	
2.370000e-09	5.800000e-09	1.700000e-08	3.420990e-01	2.604667e-02	-1.443838e-01	
2.370000e-09	5.800000e-09	1.700000e-08	3.261805e-01	2.604752e-02	-1.832003e-01	
2.370000e-09	5.800000e-09	1.700000e-08	3.391052e-01	2.603642e-02	-1.450325e-01	
2.700000e-09	5.100000e-09	1.800000e-08	-3.958204e-01	8.790263e-03	-1.503200e-01	
2.700000e-09	5.100000e-09	1.800000e-08	-3.863307e-01	8.812965e-03	-1.493856e-01	
2.700000e-09	5.100000e-09	1.800000e-08	-3.931131e-01	8.849235e-03	-1.497089e-01	
2.370000e-09	5.800000e-09	1.700000e-08	3.549439e-01	2.605194e-02	-1.544594e-01	
2.370000e-09	5.800000e-09	1.700000e-08	3.156472e-01	2.604421e-02	-1.381323e-01	
2.370000e-09	5.800000e-09	1.700000e-08	3.340537e-01	2.604620e-02	-1.583234e-01	
2.700000e-09	5.100000e-09	1.800000e-08	-3.996755e-01	8.808056e-03	-1.483327e-01	
2.700000e-09	5.100000e-09	1.800000e-08	-4.102244e-01	8.807961e-03	-1.500812e-01	
2.700000e-09	5.100000e-09	1.800000e-08	-3.943893e-01	8.831171e-03	-1.476593e-01	
2.370000e-09	5.800000e-09	1.700000e-08	3.294955e-01	2.605733e-02	-1.634999e-01	
2.370000e-09	5.800000e-09	1.700000e-08	3.252499e-01	2.604644e-02	-1.537646e-01	
2.370000e-09	5.800000e-09	1.700000e-08	3.331891e-01	2.606031e-02	-1.690869e-01	
2.700000e-09	5.100000e-09	1.800000e-08	-4.117714e-01	8.764089e-03	-1.510810e-01	
2.700000e-09	5.100000e-09	1.800000e-08	-4.015667e-01	8.810650e-03	-1.485013e-01	
2.700000e-09	5.100000e-09	1.800000e-08	-3.619036e-01	8.798012e-03	-1.470358e-01	
2.370000e-09	5.800000e-09	1.700000e-08	3.494191e-01	2.604805e-02	-1.710772e-01	
2.370000e-09	5.800000e-09	1.700000e-08	3.145768e-01	2.605340e-02	-1.690343e-01	
2.370000e-09	5.800000e-09	1.700000e-08	3.248213e-01	2.604621e-02	-1.449746e-01	
2.700000e-09	5.100000e-09	1.800000e-08	-3.983642e-01	8.834064e-03	-1.518120e-01	
2.700000e-09	5.100000e-09	1.800000e-08	-3.984432e-01	8.752203e-03	-1.523799e-01	
2.700000e-09	5.100000e-09	1.800000e-08	-4.077286e-01	8.792463e-03	-1.503774e-01	
2.370000e-09	5.800000e-09	1.700000e-08	3.506627e-01	2.604675e-02	-1.703884e-01	
2.370000e-09	5.800000e-09	1.700000e-08	3.304397e-01	2.605698e-02	-1.603677e-01	
2.370000e-09	5.800000e-09	1.700000e-08	3.290492e-01	2.606007e-02	-1.501453e-01	
2.700000e-09	5.100000e-09	1.800000e-08	-3.850142e-01	8.775543e-03	-1.481722e-01	
2.700000e-09	5.100000e-09	1.800000e-08	-4.014341e-01	8.881711e-03	-1.483600e-01	
2.700000e-09	5.100000e-09	1.800000e-08	-3.936377e-01	8.852886e-03	-1.484373e-01	
2.370000e-09	5.800000e-09	1.700000e-08	3.446063e-01	2.605320e-02	-1.710806e-01	
2.370000e-09	5.800000e-09	1.700000e-08	3.311915e-01	2.604337e-02	-1.491653e-01	
2.370000e-09	5.800000e-09	1.700000e-08	3.382947e-01	2.605140e-02	-1.579010e-01	
2.700000e-09	5.100000e-09	1.800000e-08	-4.109857e-01	8.837684e-03	-1.526950e-01	
2.700000e-09	5.100000e-09	1.800000e-08	-4.128391e-01	8.820468e-03	-1.508295e-01	
2.700000e-09	5.100000e-09	1.800000e-08	-3.939966e-01	8.869397e-03	-1.502769e-01	
2.370000e-09	5.800000e-09	1.700000e-08	3.340796e-01	2.604127e-02	-1.423332e-01	
2.370000e-09	5.800000e-09	1.700000e-08	3.379210e-01	2.604876e-02	-1.344305e-01	
2.370000e-09	5.800000e-09	1.700000e-08	3.180833e-01	2.605541e-02	-1.495892e-01	
2.700000e-09	5.100000e-09	1.800000e-08	-3.805310e-01	8.745657e-03	-1.478149e-01	
2.700000e-09	5.100000e-09	1.800000e-08	-4.205037e-01	8.855529e-03	-1.547423e-01	
2.700000e-09	5.100000e-09	1.800000e-08	-3.956941e-01	8.824785e-03	-1.521760e-01	
2.370000e-09	5.800000e-09	1.700000e-08	3.363801e-01	2.605010e-02	-1.242999e-01	
2.370000e-09	5.800000e-09	1.700000e-08	3.188925e-01	2.604832e-02	-1.624369e-01	
2.370000e-09	5.800000e-09	1.700000e-08	3.395739e-01	2.605178e-02	-1.607560e-01	
2.700000e-09	5.100000e-09	1.800000e-08	-3.981964e-01	8.793444e-03	-1.497639e-01	
2.700000e-09	5.100000e-09	1.800000e-08	-4.057528e-01	8.816791e-03	-1.501474e-01	
2.700000e-09	5.100000e-09	1.800000e-08	-4.115632e-01	8.865368e-03	-1.505375e-01	
2.370000e-09	5.800000e-09	1.700000e-08	3.472722e-01	2.606605e-02	-1.395948e-01	
2.370000e-09	5.800000e-09	1.700000e-08	3.270854e-01	2.605004e-02	-1.455208e-01	
2.370000e-09	5.800000e-09	1.700000e-08	3.300407e-01	2.604621e-02	-1.376557e-01	
2.700000e-09	5.100000e-09	1.800000e-08	-3.986576e-01	8.734301e-03	-1.481389e-01	
2.700000e-09	5.100000e-09	1.800000e-08	-4.105128e-01	8.852868e-03	-1.481201e-01	
2.700000e-09	5.100000e-09	1.800000e-08	-4.055780e-01	8.806207e-03	-1.483629e-01	
2.370000e-09	5.800000e-09	1.700000e-08	3.442476e-01	2.604768e-02	-1.656563e-01	
2.370000e-09	5.800000e-09	1.700000e-08	3.123271e-01	2.605648e-02	-1.480390e-01	
2.370000e-09	5.800000e-09	1.700000e-08	3.190193e-01	2.605126e-02	-1.717322e-01	
2.700000e-09	5.100000e-09	1.800000e-08	-3.903148e-01	8.872522e-03	-1.481121e-01	
2.700000e-09	5.100000e-09	1.800000e-08	-4.050845e-01	8.744256e-03	-1.509188e-01	
2.700000e-09	5.100000e-09	1.800000e-08	-4.039183e-01	8.806250e-03	-1.472818e-01	
2.370000e-09	5.800000e-09	1.700000e-08	3.372627e-01	2.604621e-02	-1.552810e-01	
2.370000e-09	5.800000e-09	1.700000e-08	3.203433e-01	2.605511e-02	-1.716471e-01	
2.370000e-09	5.800000e-09	1.700000e-08	3.363200e-01	2.605216e-02	-1.570521e-01	
2.700000e-09	5.100000e-09	1.800000e-08	-3.918271e-01	8.780448e-03	-1.492797e-01	
2.700000e-09	5.100000e-09	1.800000e-08	-3.897170e-01	8.788665e-03	-1.519578e-01	
2.700000e-09	5.100000e-09	1.800000e-08	-3.927557e-01	8.850988e-03	-1.504204e-01	
2.370000e-09	5.800000e-09	1.700000e-08	3.256383e-01	2.604889e-02	-1.554053e-01	
2.370000e-09	5.800000e-09	1.700000e-08	3.152935e-01	2.603873e-02	-1.408178e-01	
2.370000e-09	5.800000e-09	1.700000e-08	3.297709e-01	2.605171e-02	-1.800127e-01	
2.700000e-09	5.100000e-09	1.800000e-08	-4.028244e-01	8.806761e-03	-1.518685e-01	
2.700000e-09	5.100000e-09	1.800000e-08	-3.848673e-01	8.811309e-03	-1.456741e-01	
2.700000e-09	5.100000e-09	1.800000e-08	-4.000891e-01	8.701918e-03	-1.509870e-01	
2.370000e-09	5.800000e-09	1.700000e-08	3.460280e-01	2.605315e-02	-1.538352e-01	
2.370000e-09	5.800000e-09	1.700000e-08	3.188972e-01	2.604853e-02	-1.415893e-01	
2.370000e-09	5.800000e-09	1.700000e-08	3.323515e-01	2.604999e-02	-1.703257e-01	
2.700000e-09	5.100000e-09	1.800000e-08	-3.982595e-01	8.693653e-03	-1.474411e-01	
2.700000e-09	5.100000e-09	1.800000e-08	-3.958614e-01	8.712221e-03	-1.476551e-01	
2.700000e-09	5.100000e-09	1.800000e-08	-4.051798e-01	8.782328e-03	-1.509729e-01	
2.370000e-09	5.800000e-09	1.700000e-08	3.258889e-01	2.604966e-02	-1.752213e-01	
2.370000e-09	5.800000e-09	1.700000e-08	3.146348e-01	2.605104e-02	-1.726393e-01	
2.370000e-09	5.800000e-09	1.700000e-08	3.326364e-01	2.605015e-02	-1.510153e-01	
2.700000e-09	5.100000e-09	1.800000e-08	-4.002302e-01	8.813266e-03	-1.498905e-01	
2.700000e-09	5.100000e-09	1.800000e-08	-3.920072e-01	8.747123e-03	-1.514201e-01	
2.700000e-09	5.100000e-09	1.800000e-08	-4.077575e-01	8.802058e-03	-1.476955e-01	
2.370000e-09	5.800000e-09	1.700000e-08	3.705115e-01	2.604994e-02	-1.459283e-01	
2.370000e-09	5.800000e-09	1.700000e-08	3.182267e-01	2.605448e-02	-1.643402e-01	
2.370000e-09	5.800000e-09	1.700000e-08	3.161470e-01	2.604188e-02	-1.645554e-01	
2.700000e-09	5.100000e-09	1.800000e-08	-3.891728e-01	8.808239e-03	-1.511328e-01	
2.700000e-09	5.100000e-09	1.800000e-08	-4.157942e-01	8.788787e-03	-1.470439e-01	
2.700000e-09	5.100000e-09	1.800000e-08	-3.850653e-01	8.772486e-03	-1.492914e-01	
2.370000e-09	5.800000e-09	1.700000e-08	3.374977e-01	2.605646e-02	-1.588895e-01	
2.370000e-09	5.800000e-09	1.700000e-08	3.166006e-01	2.605665e-02	-1.408443e-01	
2.370000e-09	5.800000e-09	1.700000e-08	3.351080e-01	2.604234e-02	-1.710997e-01	
2.700000e-09	5.100000e-09	1.800000e-08	-4.190566e-01	8.796772e-03	-1.516951e-01	
2.700000e-09	5.100000e-09	1.800000e-08	-3.908735e-01	8.792160e-03	-1.474713e-01	
2.700000e-09	5.100000e-09	1.800000e-08	-3.859647e-01	8.733155e-03	-1.513154e-01	
2.370000e-09	5.800000e-09	1.700000e-08	3.385799e-01	2.604618e-02	-1.766561e-01	
2.370000e-09	5.800000e-09	1.700000e-08	3.499044e-01	2.604688e-02	-1.425957e-01	
2.370000e-09	5.800000e-09	1.700000e-08	3.162343e-01	2.605336e-02	-1.313691e-01	
2.700000e-09	5.100000e-09	1.800000e-08	-3.944963e-01	8.781335e-03	-1.489732e-01	
2.700000e-09	5.100000e-09	1.800000e-08	-4.172571e-01	8.743448e-03	-1.471504e-01	
2.700000e-09	5.100000e-09	1.800000e-08	-4.151902e-01	8.766966e-03	-1.473606e-01	
2.370000e-09	5.800000e-09	1.700000e-08	3.481252e-01	2.604291e-02	-1.580007e-01	
2.370000e-09	5.800000e-09	1.700000e-08	3.303269e-01	2.604606e-02	-1.790792e-01	
2.370000e-09	5.800000e-09	1.700000e-08	3.458841e-01	2.604378e-02	-1.599867e-01	
2.700000e-09	5.100000e-09	1.800000e-08	-3.959832e-01	8.727052e-03	-1.528081e-01	
2.700000e-09	5.100000e-09	1.800000e-08	-4.120705e-01	8.804078e-03	-1.501988e-01	
2.700000e-09	5.100000e-09	1.800000e-08	-3.697032e-01	8.801056e-03	-1.488906e-01	
2.370000e-09	5.800000e-09	1.700000e-08	3.595334e-01	2.605022e-02	-1.445891e-01	
2.370000e-09	5.800000e-09	1.700000e-08	3.165069e-01	2.604235e-02	-1.408861e-01	
2.370000e-09	5.800000e-09	1.700000e-08	3.319336e-01	2.604932e-02	-1.445493e-01	
2.700000e-09	5.100000e-09	1.800000e-08	-3.942946e-01	8.793550e-03	-1.500607e-01	
2.700000e-09	5.100000e-09	1.800000e-08	-4.114625e-01	8.851997e-03	-1.507206e-01	
2.700000e-09	5.100000e-09	1.800000e-08	-3.953286e-01	8.783302e-03	-1.478601e-01	
2.370000e-09	5.800000e-09	1.700000e-08	3.340849e-01	2.604583e-02	-1.405326e-01	
2.370000e-09	5.800000e-09	1.700000e-08	3.416816e-01	2.605533e-02	-1.552386e-01	
2.370000e-09	5.800000e-09	1.700000e-08	3.254690e-01	2.604726e-02	-1.373457e-01	
2.700000e-09	5.100000e-09	1.800000e-08	-4.021857e-01	8.841177e-03	-1.495580e-01	
2.700000e-09	5.100000e-09	1.800000e-08	-4.078970e-01	8.841086e-03	-1.502155e-01	
2.700000e-09	5.100000e-09	1.800000e-08	-3.954786e-01	8.876211e-03	-1.530460e-01	
2.370000e-09	5.800000e-09	1.700000e-08	3.246238e-01	2.606085e-02	-1.334334e-01	
2.370000e-09	5.800000e-09	1.700000e-08	3.200749e-01	2.604927e-02	-1.428774e-01	
2.370000e-09	5.800000e-09	1.700000e-08	3.313444e-01	2.603787e-02	-1.449067e-01	
2.700000e-09	5.100000e-09	1.800000e-08	-4.009044e-01	8.794514e-03	-1.518151e-01	
2.700000e-09	5.100000e-09	1.800000e-08	-3.643938e-01	8.857233e-03	-1.464061e-01	
2.700000e-09	5.100000e-09	1.800000e-08	-3.867903e-01	8.743134e-03	-1.494117e-01	
2.370000e-09	5.800000e-09	1.700000e-08	3.399503e-01	2.605044e-02	-1.640211e-01	
2.370000e-09	5.800000e-09	1.700000e-08	3.145225e-01	2.605394e-02	-1.467406e-01	
2.370000e-09	5.800000e-09	1.700000e-08	3.278734e-01	2.605761e-02	-1.564305e-01	
2.700000e-09	5.100000e-09	1.800000e-08	-3.872503e-01	8.870033e-03	-1.495809e-01	
2.700000e-09	5.100000e-09	1.800000e-08	-4.030687e-01	8.792641e-03	-1.483643e-01	
2.700000e-09	5.100000e-09	1.800000e-08	-4.053051e-01	8.828091e-03	-1.505989e-01	
2.370000e-09	5.800000e-09	1.700000e-08	3.421900e-01	2.606318e-02	-1.616229e-01	
2.370000e-09	5.800000e-09	1.700000e-08	3.150526e-01	2.605070e-02	-1.758749e-01	
2.370000e-09	5.800000e-09	1.700000e-08	3.216306e-01	2.605821e-02	-1.618177e-01	
2.700000e-09	5.100000e-09	1.800000e-08	-4.008527e-01	8.754436e-03	-1.496582e-01	
2.700000e-09	5.100000e-09	1.800000e-08	-3.988692e-01	8.759488e-03	-1.498479e-01	
2.700000e-09	5.100000e-09	1.800000e-08	-3.863204e-01	8.858154e-03	-1.518502e-01	
2.370000e-09	5.800000e-09	1.700000e-08	3.341341e-01	2.604556e-02	-1.462078e-01	
2.370000e-09	5.800000e-09	1.700000e-08	3.034711e-01	2.604917e-02	-1.646925e-01	
2.370000e-09	5.800000e-09	1.700000e-08	3.208306e-01	2.605936e-02	-1.939578e-01	
2.700000e-09	5.100000e-09	1.800000e-08	-3.902596e-01	8.791965e-03	-1.482142e-01	
2.700000e-09	5.100000e-09	1.800000e-08	-3.955122e-01	8.857986e-03	-1.485613e-01	
2.700000e-09	5.100000e-09	1.800000e-08	-3.993599e-01	8.785329e-03	-1.464067e-01	
2.370000e-09	5.800000e-09	1.700000e-08	3.601621e-01	2.604504e-02	-1.216410e-01	
2.370000e-09	5.800000e-09	1.700000e-08	3.064533e-01	2.605204e-02	-1.706944e-01	
2.370000e-09	5.800000e-09	1.700000e-08	3.377718e-01	2.604561e-02	-1.423369e-01	
2.700000e-09	5.100000e-09	1.800000e-08	-4.030737e-01	8.937624e-03	-1.482774e-01	
2.700000e-09	5.100000e-09	1.800000e-08	-4.137556e-01	8.799904e-03	-1.473843e-01	
2.700000e-09	5.100000e-09	1.800000e-08	-3.948397e-01	8.723681e-03	-1.530156e-01	
2.370000e-09	5.800000e-09	1.700000e-08	3.417126e-01	2.606500e-02	-1.291305e-01	
2.370000e-09	5.800000e-09	1.700000e-08	3.395619e-01	2.606384e-02	-1.532247e-01	
2.370000e-09	5.800000e-09	1.700000e-08	3.446799e-01	2.604857e-02	-1.573877e-01	
2.700000e-09	5.100000e-09	1.800000e-08	-4.004422e-01	8.812780e-03	-1.486513e-01	
2.700000e-09	5.100000e-09	1.800000e-08	-4.138461e-01	8.782773e-03	-1.494896e-01	
2.700000e-09	5.100000e-09	1.800000e-08	-3.935863e-01	8.779190e-03	-1.482792e-01	
2.370000e-09	5.800000e-09	1.700000e-08	3.435419e-01	2.604742e-02	-1.421196e-01	
2.370000e-09	5.800000e-09	1.700000e-08	3.324919e-01	2.604584e-02	-1.857952e-01	
2.370000e-09	5.800000e-09	1.700000e-08	3.076788e-01	2.605441e-02	-1.173469e-01	
2.700000e-09	5.100000e-09	1.800000e-08	-3.726921e-01	8.814552e-03	-1.504593e-01	
2.700000e-09	5.100000e-09	1.800000e-08	-3.930726e-01	8.862730e-03	-1.464328e-01	
2.700000e-09	5.100000e-09	1.800000e-08	-3.854421e-01	8.720123e-03	-1.531573e-01	
2.370000e-09	5.800000e-09	1.700000e-08	3.278056e-01	2.605152e-02	-1.584656e-01	
2.370000e-09	5.800000e-09	1.700000e-08	3.281776e-01	2.605763e-02	-1.457191e-01	
2.370000e-09	5.800000e-09	1.700000e-08	3.240793e-01	2.604938e-02	-1.553118e-01	
2.700000e-09	5.100000e-09	1.800000e-08	-4.037801e-01	8.734396e-03	-1.500364e-01	
2.700000e-09	5.100000e-09	1.800000e-08	-4.092569e-01	8.775791e-03	-1.492986e-01	
2.700000e-09	5.100000e-09	1.800000e-08	-4.006797e-01	8.811789e-03	-1.505601e-01	
2.370000e-09	5.800000e-09	1.700000e-08	3.189073e-01	2.604900e-02	-1.363103e-01	
2.370000e-09	5.800000e-09	1.700000e-08	3.360858e-01	2.604860e-02	-1.520782e-01	
2.370000e-09	5.800000e-09	1.700000e-08	3.264812e-01	2.604959e-02	-1.429365e-01	
2.700000e-09	5.100000e-09	1.800000e-08	-3.863895e-01	8.811684e-03	-1.483653e-01	
2.700000e-09	5.100000e-09	1.800000e-08	-3.841550e-01	8.836073e-03	-1.490068e-01	
2.700000e-09	5.100000e-09	1.800000e-08	-4.120216e-01	8.751604e-03	-1.534268e-01	
2.370000e-09	5.800000e-09	1.700000e-08	3.494543e-01	2.603926e-02	-1.461384e-01	
2.370000e-09	5.800000e-09	1.700000e-08	3.133818e-01	2.605752e-02	-1.408373e-01	
2.370000e-09	5.800000e-09	1.700000e-08	3.254854e-01	2.606576e-02	-1.299738e-01	
2.700000e-09	5.100000e-09	1.800000e-08	-3.651752e-01	8.757752e-03	-1.490621e-01	
2.700000e-09	5.100000e-09	1.800000e-08	-3.955838e-01	8.830747e-03	-1.492996e-01	
2.700000e-09	5.100000e-09	1.800000e-08	-3.908639e-01	8.802123e-03	-1.506076e-01	
2.370000e-09	5.800000e-09	1.700000e-08	3.409811e-01	2.606317e-02	-1.471797e-01	
2.370000e-09	5.800000e-09	1.700000e-08	3.436465e-01	2.605113e-02	-1.606391e-01	
2.370000e-09	5.800000e-09	1.700000e-08	3.205135e-01	2.604611e-02	-1.776136e-01	
2.700000e-09	5.100000e-09	1.800000e-08	-3.995375e-01	8.856100e-03	-1.525611e-01	
2.700000e-09	5.100000e-09	1.800000e-08	-4.101512e-01	8.792899e-03	-1.495894e-01	
2.700000e-09	5.100000e-09	1.800000e-08	-4.077690e-01	8.786770e-03	-1.493546e-01	
2.370000e-09	5.800000e-09	1.700000e-08	3.278667e-01	2.604959e-02	-1.527089e-01	
2.370000e-09	5.800000e-09	1.700000e-08	3.106610e-01	2.605165e-02	-1.549747e-01	
2.370000e-09	5.800000e-09	1.700000e-08	3.331988e-01	2.605391e-02	-1.572004e-01	
2.700000e-09	5.100000e-09	1.800000e-08	-3.885733e-01	8.854774e-03	-1.504491e-01	
2.700000e-09	5.100000e-09	1.800000e-08	-3.823523e-01	8.807299e-03	-1.533029e-01	
2.700000e-09	5.100000e-09	1.800000e-08	-4.010022e-01	8.755745e-03	-1.472638e-01	
2.370000e-09	5.800000e-09	1.700000e-08	3.233507e-01	2.605025e-02	-1.464137e-01	
2.370000e-09	5.800000e-09	1.700000e-08	3.410529e-01	2.605900e-02	-1.519617e-01	
2.370000e-09	5.800000e-09	1.700000e-08	3.307805e-01	2.605519e-02	-1.451253e-01	
2.700000e-09	5.100000e-09	1.800000e-08	-3.915823e-01	8.804056e-03	-1.498524e-01	
2.700000e-09	5.100000e-09	1.800000e-08	-3.964774e-01	8.822068e-03	-1.496065e-01	
2.700000e-09	5.100000e-09	1.800000e-08	-3.998621e-01	8.809891e-03	-1.486945e-01	
2.370000e-09	5.800000e-09	1.700000e-08	3.306896e-01	2.605656e-02	-1.561293e-01	
2.370000e-09	5.800000e-09	1.700000e-08	3.337695e-01	2.604705e-02	-1.440181e-01	
2.370000e-09	5.800000e-09	1.700000e-08	3.141488e-01	2.604670e-02	-1.446805e-01	
2.700000e-09	5.100000e-09	1.800000e-08	-3.841677e-01	8.723418e-03	-1.484317e-01	
2.700000e-09	5.100000e-09	1.800000e-08	-3.856256e-01	8.763603e-03	-1.514342e-01	
2.700000e-09	5.100000e-09	1.800000e-08	-4.118622e-01	8.820673e-03	-1.500472e-01	
2.370000e-09	5.800000e-09	1.700000e-08	3.541130e-01	2.605769e-02	-1.177670e-01	
2.370000e-09	5.800000e-09	1.700000e-08	3.269494e-01	2.605592e-02	-1.694875e-01	
2.370000e-09	5.800000e-09	1.700000e-08	3.285091e-01	2.605150e-02	-1.709116e-01	
2.700000e-09	5.100000e-09	1.800000e-08	-3.734844e-01	8.730667e-03	-1.479260e-01	
2.700000e-09	5.100000e-09	1.800000e-08	-3.999840e-01	8.824716e-03	-1.495969e-01	
2.700000e-09	5.100000e-09	1.800000e-08	-4.106813e-01	8.732330e-03	-1.525068e-01	
2.370000e-09	5.800000e-09	1.700000e-08	3.448018e-01	2.605195e-02	-1.463889e-01	
2.370000e-09	5.800000e-09	1.700000e-08	3.416279e-01	2.603977e-02	-1.781716e-01	
2.370000e-09	5.800000e-09	1.700000e-08	3.256141e-01	2.605399e-02	-1.631361e-01	
2.700000e-09	5.100000e-09	1.800000e-08	-3.981938e-01	8.794483e-03	-1.497596e-01	
2.700000e-09	5.100000e-09	1.800000e-08	-4.093747e-01	8.770208e-03	-1.498792e-01	
2.700000e-09	5.100000e-09	1.800000e-08	-3.893923e-01	8.854305e-03	-1.542634e-01	
2.370000e-09	5.800000e-09	1.700000e-08	3.256284e-01	2.604795e-02	-1.121770e-01	
2.370000e-09	5.800000e-09	1.700000e-08	3.333794e-01	2.605750e-02	-1.496228e-01	
2.370000e-09	5.800000e-09	1.700000e-08	3.129001e-01	2.604716e-02	-1.572098e-01	
2.700000e-09	5.100000e-09	1.800000e-08	-4.035796e-01	8.878258e-03	-1.482379e-01	
2.700000e-09	5.100000e-09	1.800000e-08	-4.101274e-01	8.848407e-03	-1.498812e-01	
2.700000e-09	5.100000e-09	1.800000e-08	-3.943867e-01	8.740440e-03	-1.475880e-01	
2.370000e-09	5.800000e-09	1.700000e-08	3.305647e-01	2.605099e-02	-1.440752e-01	
2.370000e-09	5.800000e-09	1.700000e-08	3.143014e-01	2.604398e-02	-1.577281e-01	
2.370000e-09	5.800000e-09	1.700000e-08	3.333116e-01	2.605671e-02	-1.518382e-01	
2.700000e-09	5.100000e-09	1.800000e-08	-3.976611e-01	8.902804e-03	-1.491293e-01	
2.700000e-09	5.100000e-09	1.800000e-08	-4.200650e-01	8.760324e-03	-1.485867e-01	
2.700000e-09	5.100000e-09	1.800000e-08	-3.990072e-01	8.792657e-03	-1.474698e-01	
2.370000e-09	5.800000e-09	1.700000e-08	3.213383e-01	2.604927e-02	-1.583784e-01	
2.370000e-09	5.800000e-09	1.700000e-08	3.278740e-01	2.605025e-02	-1.485201e-01	
2.370000e-09	5.800000e-09	1.700000e-08	3.348345e-01	2.604653e-02	-1.712968e-01	
2.700000e-09	5.100000e-09	1.800000e-08	-4.138049e-01	8.767740e-03	-1.487160e-01	
2.700000e-09	5.100000e-09	1.800000e-08	-3.887691e-01	8.738400e-03	-1.473892e-01	
2.700000e-09	5.100000e-09	1.800000e-08	-3.908474e-01	8.775093e-03	-1.493590e-01	
2.370000e-09	5.800000e-09	1.700000e-08	3.521251e-01	2.605022e-02	-1.676394e-01	
2.370000e-09	5.800000e-09	1.700000e-08	3.258278e-01	2.605223e-02	-1.683151e-01	
2.370000e-09	5.800000e-09	1.700000e-08	3.392668e-01	2.605651e-02	-1.960431e-01	
2.700000e-09	5.100000e-09	1.800000e-08	-3.936445e-01	8.830991e-03	-1.523191e-01	
2.700000e-09	5.100000e-09	1.800000e-08	-3.940505e-01	8.833605e-03	-1.540110e-01	
2.700000e-09	5.100000e-09	1.800000e-08	-4.173200e-01	8.884798e-03	-1.477718e-01	
2.370000e-09	5.800000e-09	1.700000e-08	3.347468e-01	2.605084e-02	-1.456002e-01	
2.370000e-09	5.800000e-09	1.700000e-08	3.227837e-01	2.604182e-02	-1.643367e-01	
2.370000e-09	5.800000e-09	1.700000e-08	3.291835e-01	2.604652e-02	-1.489993e-01	
2.700000e-09	5.100000e-09	1.800000e-08	-4.197713e-01	8.856286e-03	-1.501491e-01	
2.700000e-09	5.100000e-09	1.800000e-08	-3.980729e-01	8.765968e-03	-1.523826e-01	
2.700000e-09	5.100000e-09	1.800000e-08	-4.091626e-01	8.789636e-03	-1.511513e-01	
2.370000e-09	5.800000e-09	1.700000e-08	3.614614e-01	2.605454e-02	-1.712630e-01	
2.370000e-09	5.800000e-09	1.700000e-08	2.983666e-01	2.604347e-02	-1.652972e-01	
2.370000e-09	5.800000e-09	1.700000e-08	3.343992e-01	2.604357e-02	-1.794781e-01	
2.700000e-09	5.100000e-09	1.800000e-08	-3.884542e-01	8.823726e-03	-1.506782e-01	
2.700000e-09	5.100000e-09	1.800000e-08	-3.939229e-01	8.792849e-03	-1.478654e-01	
2.700000e-09	5.100000e-09	1.800000e-08	-3.954038e-01	8.781698e-03	-1.502759e-01	
2.370000e-09	5.800000e-09	1.700000e-08	3.332802e-01	2.605047e-02	-1.683376e-01	
2.370000e-09	5.800000e-09	1.700000e-08	3.299868e-01	2.605801e-02	-1.566377e-01	
2.370000e-09	5.800000e-09	1.700000e-08	3.303499e-01	2.604922e-02	-1.349795e-01	
2.700000e-09	5.100000e-09	1.800000e-08	-3.753433e-01	8.725385e-03	-1.507724e-01	
2.700000e-09	5.100000e-09	1.800000e-08	-4.089881e-01	8.811672e-03	-1.527716e-01	
2.700000e-09	5.100000e-09	1.800000e-08	-3.962862e-01	8.825403e-03	-1.483115e-01	
2.370000e-09	5.800000e-09	1.700000e-08	3.308559e-01	2.606877e-02	-1.310039e-01	
2.370000e-09	5.800000e-09	1.700000e-08	3.307448e-01	2.604259e-02	-1.491897e-01	
2.370000e-09	5.800000e-09	1.700000e-08	3.327115e-01	2.605167e-02	-1.557585e-01	
.ENDDATA
